SP2 Parser Failure

Unimplemented
    11	51607115 51607421
17	51544050 51589075 51592831 51592855
22	51547794
31	51620077 51623350
43	51561147 51561342 51561486
50	51601343
196	51546131
248	51587635
259	51587161

Unidentified
2	51503139 51512593 51542824 51552835 51552904 51557450 51582453 51582475 51582496 51594527 51602952 51606116 51618851 51619554 51625797
4	51627125
6	51545874 51613769
8	51548843 51558291 51558292 51593626 51593825 51623709
9	51505008 51524574 51628454
10	51551728
11	51522768 51531643 51539703 51542569 51551422 51557454 51558040 51578006 51578019 51578201 51578330 51578339 51578756 51583122 51606602 51611497
12	51621325 51623000 51626740
14	51481127 51481134 51481141 51481149 51481168 51481179 51546947 51561151 51579798 51579801 51579802 51579803 51605379 51605390 51605396 51605406 51605423 51605439
15	51544107
17	51545653 51609572 51609908 51610109
19	51553216
20	51503187 51567910 51579875 51585721 51585731 51585741 51599666 51601126 51606250 51609950 51615217 51628175
22	51513162 51528666 51528974 51529513 51537315 51543922 51546445 51547536 51550187 51557425 51558788 51570766 51571967 51572337 51575059 51581145 51581580 51590073 51593918 51596828 51599050 51615883 51615884 51615885 51615886 51615887 51615891 51615892 51615893 51615894 51615895 51615896 51626858 51627419
23	51524534 51619120
24	51504341 51504985 51551906
25	51579187 51583951 51591529 51604310
26	51530745
27	51571921
28	51502736 51503060 51515454 51516539 51540244 51563714 51564980 51567175 51581791 51589371 51604827 51621980 51627197 51628760
30	51553434
32	51573478 51589131 51589132 51589133 51589134 51594903
35	51521180 51525998 51526969 51526977 51534226 51535477 51542361 51550118 51553849 51553911 51557673 51557677 51557695 51557710 51557733 51557739 51557754 51558182 51559703 51559955 51560234 51561797 51568189 51572045 51572101 51574867 51577077 51577136 51577160 51577855 51578193 51579026 51579580 51591839 51591849 51591856 51591866 51592964 51593369 51593540 51605070 51607577 51607834 51614489 51614516 51615540 51615541 51615542 51615543 51615544 51615545 51615546 51615547 51616385 51617808 51620916 51623133 51624070 51626769
42	51551808 51551827 51605030 51605032 51605033 51605034 51605036
43	51503729 51503780 51528273 51550137 51589943 51590832 51613734 51620426 51621843 51623704 51626213
44	51527397
45	51579360 51612403 51617816
46	51541757 51561549 51567670 51594554 51594564 51594574 51594591 51594604
50	51545429
51	51503975 51540669 51599631 51616711
57	51535072
75	51542441
77	51503366 51503448 51571681 51573450 51573790 51574172 51597650
81	51576466
83	51614648
95	51574108
144	51627287
152	51538162
158	51542031
159	51542859
163	51606538
179	51597114
192	51524741
196	51625213
260	51567009 51567010
265	51609668
268	51618753 51621946
343	51503657

SP1 Possibly Timed Out
    22	51585683
    21	51530740f 51530756f 51530771f 51530779f 51530800f 51575525f 51575557f 51575605f 51575635f
    22	51546202
    28	51616347
    30	51555613 51568854 51568863
    35	51550035
    140	51533116
