SP2 Parser Failure
    4	58473021 58504703
    17	58420202
    24	58505862
    26	58500521 58500534 58500528
    32	58442173
    35	58455892 58408263 58411283 58406819
    43	58483241
    46	58417776
    50	58418275
    52	58256790
    59	58401442
    99	58462937
    251	58480157

Unidentified
2	58425410 58488320 58422651 58425461 58436191 58473862 58488662 58395464 58428324 58428334 58508225 58402416 58454856 58430207 58433027 58439728
4	58458090 58413531 58416501 58431611 58496081 58484082 58496094 58496104 58460666 58510727 58383549 58496119
6	58468040 58481830 58482961 58487241 58504622 58496484 58420556 58412149
8	58443510 58461430 58444951 58483001 58503941 58404812 58457732 58393603 58428555 58507555 58397346 58433347 58489207 58385888 58417428 58501138 58507598
9	58491340 58435291 58397432 58477864 58178557 58485298 58510228
10	58479600 58385351 58437759 58510469
11	58495770 58406292 58502062 58425954 58406296 58470056 58502056 58425927 58503007 58406279
12	58412941 58453293 58479664 58507686 58470708
14	58041742
15	58501080 58503660 58412971 58440314 58478535 58500475 58477256 58478526 58415958
16	58420221 58435827 58432018 58463528 58405309
17	58490105
19	58434006
20	58467450 58472252 58446743 58454003 58470553 58429324 58439974 58472254 58410276 58424616 58432796 58442866 58456056 58458076 58462907 58466457 58426469 58433949 58508819
21	58462860 58455071
22	58403500 58500390 58432911 58487511 58487531 58403492 58444442 58457542 58460732 58474772 58500392 58395503 58397943 58403493 58419973 58454963 58474023 58383434 58403494 58412984 58475424 58403495 58403496 58431096 58455956 58500396 58403497 58467407 58487467 58403498 58429418 58396089 58403499 58411739 58412539 58454459 58472429 58486639 58487569
23	58437201 58437222 58413003 58437253 58437244 58490754 58437185 58437285 58427246 58437196 58437207 58437227 58437297 58437218 58437179 58462829
24	58405120 58425692 58479952 58456483 58510536 58502497
25	58424803 58477345
26	58484731 58386042 58409002 58409022 58396873 58386044 58436606 58489348
27	58445290
28	58383980 58394170 58481710 58485380 58490401 58499552 58438733 58399904 58410664 58422154 58485594 58461545 58415606 58414427 58451608 58474988 58422169 58451659
29	58462700 58486611 58385553 58488108
30	58416430 58407141 58483673 58503805 58416387 58416457 58435337 58397069 58416509
31	58402350 58454601
32	58123674 58431266 58476168
35	58383730 58406290 58414110 58424420 58431660 58434000 58439860 58456610 58483040 58393971 58431661 58470201 58501051 58404912 58425212 58430532 58431662 58439372 58482182 58482992 58456403 58479633 58480253 58480273 58485683 58409914 58427784 58431664 58443664 58469894 58510944 58453165 58464015 58421976 58433236 58434026 58449926 58457426 58461906 58481596 58483056 58485796 58501056 58502666 58384507 58438247 58460287 58483097 58503407 58393988 58406968 58421058 58441538 58463888 58480258 58480568 58503378 58510948 58441939 58453539 58479599 58481599 58485569 58488529 58489969
41	58508273 58385618 58440478 58484299
42	58434162 58434265
43	58402961 58427582 58434803 58475793 58487743 58503703 58383424 58408844 58488854 58401716 58460669
45	58470792 58490112 58504122 58512202 58460264 58444139
46	58431999
50	58506722 58497356 58385607
51	58487380 58487390 58468709 58482849
52	58471292 58408215 58444388
53	58139314
58	58471641
77	58435971 58436072 58445062 58396753 58497203 58473694 58436076 58435959
81	58461201
151	58422471 58422476 58422477 58422479
154	58413921
157	58421467
161	58458979
166	58420218 58420219
169	58458978
192	58438704
196	58503907 58503928
261	58498429
267	58463926
268	58393503 58383575 58394615 58474565 58383568 58433459
375	58448151
376	58182987

23	58408654 58408577
Unimplemented

SP1 Possibly Timed Out
    8	58454738 58461809
    11	58426645 58480778
    20	58438853 58459855
    30	58422744 58484629
    35	58402390 58504849
    43	58477227
    76	58456855
