SP2 Parser Failure
    4	55474872
    9	55393118
    11	55441111f
    17	55407092 55407403 55407124 55484864 55407447 55407188
    43	55452562 55447328f
    140	55463008f 55463009f
    254	55434612

Unidentified
2	55411880 55492150 55498360 55395851 55341622 55449032 55455082 55341413 55412303 55443764 55490454 55467536 55412817 55415697 55443748 55443788
4	55435216 55416647
6	55480771 55435192 55445814 55446104 55397626
8	55440200 55416421 55407493 55432534 55475535 55454186 55458396 55485416 55500766 55475517 55442819
9	55429970 55419225 55445195 55495465 55463206 55419047
10	55451190 55420731 55481761 55498124 55473365 55501225 55451348 55425419
11	55465831 55483092 55424624 55442605 55460915 55406387 55434668
12	55393440 55406651 55429291 55449665 55393906 55393957 55449849
15	55448300 55476590 55398293 55478725 55338486
16	55501744
17	55485092
19	55490748
20	55451230 55453100 55425361 55473431 55197023 55468153 55498384 55197085 55453115 55467755 55471936 55412677 55440577 55474717 55488228 55196959 55498389
22	55334530 55432030 55445160 55420491 55420951 55438101 55449561 55480811 55392072 55420952 55442192 55447252 55464472 55477692 55420513 55428613 55442853 55478354 55437755 55442585 55443185 55451045 55476565 55478355 55395046 55415906 55437986 55447176 55463266 55478356 55392417 55420857 55447047 55447147 55478357 55501337 55397128 55422918 55447168 55478358 55402259 55410429
23	55491940 55462191 55410822 55462502 55393156 55491926 55440798
24	55499523 55342914 55343465
25	55463440 55492344 55502804 55425846
26	55499721 55500106 55468147
28	55410370 55436980 55443200 55399971 55473011 55474531 55476531 55392752 55393142 55402952 55411562 55460792 55457113 55475123 55434665 55399966 55481556 55496646 55435027 55496757 55501307 55432018 55497688
29	55430370 55483768
30	55424811 55424772 55489292 55432383 55409058
32	55437390 55432542 55467192 55432543 55414164 55432544 55432545 55432546 55432548
35	55408220 55434620 55437440 55437710 55463100 55467090 55487840 55406671 55406921 55408221 55415801 55434621 55451811 55459791 55408222 55415802 55426232 55428212 55436412 55437462 55448442 55407553 55408223 55451843 55451863 55454143 55459793 55459853 55459993 55412314 55412564 55422774 55437434 55437644 55454914 55459794 55460304 55471354 55494134 55398355 55398365 55437195 55437445 55451905 55460395 55483575 55394346 55396106 55434526 55496826 55498026 55499456 55409117 55430817 55434617 55436417 55437207 55437267 55460347 55468327 55483657 55489867 55392588 55398778 55408218 55410808 55465678 55482058 55493408 55499718 55392129 55407289 55408219 55421009 55434619 55436429 55436439 55437309 55446579 55483269 55483369
41	55444070
42	55448094 55465405 55493147
43	55458171 55485252 55450333 55393565
44	55428832
45	55502040 55448608
46	55485294
50	55473401 55411543 55500063
51	55479431 55496985 55468428
52	55467388
72	55393121 55493846 55403467
77	55431731 55401936 55469026 55424827 55453437
81	55486063
116	55440520 55440273 55440684 55440445 55440628 55440778 55440579 55440729
140	55460178
173	55398902 55430036 55398899
175	55492736
189	55471539
192	55457125
196	55497916
227	55413543
244	55395602 55395603
252	55497426
267	55455713
268	55412801 55413546 55427098 55193249 55193669 55433389

Unimplemented

SP1 Possibly Timed Out
    8	55402272
    10	55410418
    11	55466845
    14	55459090f 55459086f 55459087f 55459088f 55459089f
    20	55444389 55444271
    21	55480981f 55480980f 55480982f 55480984f 55480979f
    29	55467465 55467439
    30	55416070 55416071 55416072 55416073 55416074 55416075 55416077 55433718
    51	55499271 55498863 55498977
