SP2 Parser Failure
4	56050253 56021885 56047835
17	56034240 55981883 55981884 56034277 55981959
22	56002543 55996887
28	56006616 55990737 55972799
35	55995291 56083445 56005047
83	55999016
157	56003830 56003808 56003838
265	56047794 56047796 56047799

Unidentified
2	55960210 56076710 55957731 56051191 56072081 55971202 56000902 56071592 56072074 56078554 55957735 56048935 55958376 55971176 56007586 55975237 56018707 56078559
4	55985342 56054342 55995913 55994285 56073988 56070089
6	56070080 56019461 56079971 55969812 56035013 56037153 56035024 56054325 56030376 56029527 56030367 55988638 56077438 56001039 56040259
8	56037390 56078370 56002811 56048151 56039822 55979853 55981543 56007553 56016603 56007185 55945546 56014236 56037466 55996918
9	55990981 56052801 55958132 56015052 56050312 56082573 56000844 56046024
10	56071798 55996839
11	56007150 56055580 56060410 56067690 56082300 56067701 56034812 55989144 56069704 55999495 56030616 56037267 56019238
12	55974101 56072011 56070935
    15	55965640f 55979860f 55982690f 56071540 55993112f 56006632 56014253f 56046253f 56046254f 56059905f 56071535f 56046256f 56064326 56044007f 56046257f 56070467f 56046258f 55981759 56046259f 56070459f
16	56070830 55959282 56007245 55948956 55946878
17	55988870 55975341 55988851 55993462 56019052 56081092 55988563 56021008 55999629
18	56017823
19	55965140 56009102 56046415 56046406 56078166 55945539
20	56033710 56058730 55945883 55989533 55994513 56064384 56069984 55949045 55959745 56006195 56042685 56078585 55965506 56065076 56082786 56079857 55945868 56048629 56072339
21	56018054 56043998
22	55987700 56001080 56005720 56009200 55991411 56001071 56025751 56028541 56072261 56074001 56016832 56061952 56064952 56081762 56023553 56042403 56046813 56077323 56002594 56027984 56061954 55960095 55972745 55996225 56061955 56028076 56074476 55991417 56073667 55988818 56057178 56057608
23	55970300 56044140 56027851 56000892 55982414 55997805 55995886 56053256 55947147
24	55979411 56061741 55980822 56018044 56071904 56025835
25	55957312 55993652 56037386 56025628 56025899
26	56080070 56082720 56066741 55946684 56062896 56076328 56023589
28	55999170 56075980 55964661 55985221 55953382 56068002 56022153 56071483 56022294 56039014 56073384 55988355 56011315 55988527 56053338 55957409
29	56077848
30	56017390
32	55995370 55964281 56022832 56022783 56022853 56022804 56022797 56022839 56046369
35	55948920 55968760 55971160 55975660 55989680 56000180 56003480 56033990 56057570 56065480 56066860 55968451 55994121 56083201 55957562 55967942 55968772 55998612 56001512 56067802 55966173 55973223 55992753 55996403 56000133 56083203 55998384 56067264 56070144 55967935 55967955 55968765 55969145 56053215 56057995 56072375 56083205 55973976 55975656 56013526 56020436 56033156 56035776 56057086 55945907 55983237 55995217 56003357 56023177 56030467 56035737 56066927 56083027 55958948 55975658 55993318 56003468 56018308 56033158 56033168 56035718 56047628 55978399 56035769 56081659
41	56059105 55994716 56070827
42	56053778
43	56008980 56072460 56077261 55978573 56013277 56039007 56039207 56059827 55982668 55992869 56082379
45	56046640 55980441 55980428
46	56060264 56004807 56027028
50	55998180 55998171 56026565
51	55991591 55978374 56046304 55960657 56064827 56067207 55976248
54	56043894
57	55987653 55989008
58	56007992
72	56070976 56033747
77	55998461 55998453 55998465 55998466
81	56000249
90	55948141
115	56044221 56044219
140	56083415 56076479
151	56059956
175	55981460 56069425
176	55974417
177	55999197
179	55966737
195	56008201 56012489
199	55999071 55999491 55999921 56000005 55999319
224	55969261
268	55960500 55947701 55996861 55972603 55984775 56073695 55969127 56007588 55969249
349	56034272 56033904
385	55988934

Unimplemented

SP1 Possibly Timed Out
6	56059567
11	56029053 55958596 56024178
    15	55997335 56069859
20	56075883 56051038 56031749 56053121 56053122 56053123 56053117 56053119
22	56003874 56005296
31	55998666
32	56026875
90	55948144
140	56018878 56019428
