    SP2 Parser Failure
    9	54407226
    11	54369846
    24	54409338
    29	54367985F
    35	54396092
    43	54379612f 54152574f 54368637F
    50	54384662f 54384643f 54384673f 54384654f 54384626f 54384636f
    52	54405120
    140	54374202f 54373238f

Unidentified
    2	54373220 54422151 54399082 54417922 54398733 54429073 54387084 54428804 54395576 54422046 54387039 54400849
4	54336819
6	54424942
8	54328450 54377970 54397361 54329012 54353138
9	54404553 54397935
10	54351302 54348507 54419778
11	54344851 54363121 54344693 54394865 54399455 54361636 54404856 54361859
12	54400991 54360944 54389185 54364166 54395197
14	54351262 54425492
16	54372110 54354761 54373389
    17	54400111 54401521 54402223 54401697
18	54381771
19	54315486 54375466 54372577
20	54327770 54389070 54389090 54389650 54405090 54342731 54348611 54366262 54394412 54389073 54395243 54412473 54385044 54389054 54337695 54386665 54348166 54399256 54404096 54389067 54421757 54294148 54381729 54393309
22	54326800 54336070 54387110 54403571 54409971 54430341 54374262 54393432 54408042 54398013 54401933 54424243 54366424 54380354 54419884 54421675 54379466 54414366 54412207 54416677 54393168 54336049 54354909 54365049
23	54384262 54343323 54343453 54359254 54343397 54430508 54428629
24	54429032 54427974 54376245 54336559 54428269
25	54025670 54338863 54379577 54422658
26	54421300 54368029 54385769
27	54335855 54396575
28	54349250 54362730 54408140 54418850 54399121 54397042 54373133 54380563 54327265 54326846 54380676 54336057 54390877 54421147 54373148 54368119 54419229
29	54418020 54395161 54353724
30	54344030 54410010 54353762 54413102 54425635 54328107 54425479
32	54360012 54420728
35	54357210 54360410 54360890 54391650 54396220 54124651 54373361 54406791 54411371 54413641 54418021 54326422 54357182 54403002 54428542 54342383 54347113 54360883 54360893 54397493 54410293 54428233 54366664 54391684 54366605 54371225 54391675 54405125 54413606 54358697 54361617 54354558 54360898 54396898 54402968 54410398 54416648 54426888 54360889 54366709 54383549 54426359
41	54397933 54364326
    43	54032350 54326951 54407572 54404634 54407904 54410534 54352045 54429957 54410548
45	54427011 54384155 54235118
46	54366342 54366335
50	54386819
51	54420257 54358329
52	54391126
56	54365949
59	53901672
75	54377612 54377618
81	54356623
90	54364154
102	54027326 54380678
111	54419882
140	54399307
196	54406048
268	54380031 54426388

    Unimplemented
    46	54359809

    SP1 Possibly Timed Out
    15	54358518
    19	54365277 54374868 54376419 54395829
    20	54365921 54365917
    22	54381721
    30	54418903 54403467
