SP2 Parser Failure
    4	56757202 56715988 56757848
    17	56670061 56702413 56748234
    20	56732766
    22	56683694 56718649
    35	56770103 56667668
    115	56737516f 56737517f
    140	56720182
    157	56675579
    196	56733570
    349	56518964f
    386	56660238f

Unidentified
2	56659340 56735020 56779340 56690201 56700021 56701342 56706262 56696333 56712923 56719083 56773403 56696834 56696904 56704444 56729624 56738244 56753504 56696785 56676796 56685976 56694916 56753316 56745407 56697358 56784428 56722739 56729399
3	56751684 56657076
4	56671373 56711826
6	56753370 56753342 56758412 56758422 56753423 56753414 56730916 56738556 56682969
8	56691540 56691532 56691253 56704973 56717104 56767414 56636536 56646586 56767017 56659568 56692838 56716999 56765599
9	56754292 56645344 56715396 56767496 56731117 56636208 56666698
10	56646400 56748951 56749362 56749284 56749125 56784236 56779777
11	56773850 56759101 56693632 56778463 56781963 56784973 56785303 56782964 56648455 56684465 56784425 56672738 56693689 56783259
12	56739384 56785295 56652876
14	56750940 56724701 56661115 56694276 56720698
15	56636802 56766015 56740308
16	56759282 56781679
17	56712809
19	56634480 56678133 56658938 56660388
20	56727942 56740092 56694423 56761323 56782633 56760434 56760494 56776454 56635775 56752955 56760845 56674876 56773406 56722377 56759897 56784399
21	56784456
22	56660210 56718660 56735780 56674911 56686871 56694511 56707101 56718941 56746241 56749961 56760851 56662742 56674682 56697552 56700352 56702802 56717922 56742152 56749942 56717133 56727993 56690364 56758464 56662745 56691535 56692855 56740265 56662746 56697446 56717866 56721756 56767236 56743897 56756187 56770857 56775697 56726118 56746158 56667959 56674899 56739069
23	56647680 56696421 56744074 56694625 56697706
24	56657790 56772930 56657791 56753372 56646593 56654573 56675313 56738393 56742913 56710325 56706806 56784198 56657789 56769369
25	56692082 56698705 56767037 56780727
26	56695670 56717512 56762756
28	56648330 56653930 56655970 56758990 56750561 56778122 56648333 56703594 56734595 56697646 56751216 56665847 56709947 56733187 56771717 56778977 56648328 56734558
29	56714340 56719400 56720601 56656792 56750342 56718285 56701467 56688889
30	56648282 56733222 56767212 56696514 56652595 56670745 56697747 56646969
32	56662641 56662651 56662643 56662653 56662635 56662645 56662637 56662647 56702667 56688488 56702668 56662639 56662649 56702669
35	56646530 56652470 56658970 56670090 56676870 56691810 56711320 56724850 56732220 56734070 56735760 56750440 56779960 56654421 56657351 56675301 56686821 56702671 56710271 56732221 56774051 56779961 56686042 56732222 56735762 56743762 56749772 56761012 56784792 56666983 56669573 56692073 56698673 56718583 56732223 56739673 56744613 56770263 56772233 56690264 56694834 56715494 56732224 56761404 56779954 56650035 56654395 56657445 56658325 56692065 56708015 56728145 56732225 56780605 56657546 56687326 56692066 56728146 56732216 56748526 56757196 56655947 56658857 56732217 56733017 56738327 56779957 56732218 56750018 56758098 56763268 56769678 56770438 56775708 56779958 56680389 56726829 56732219 56735759
41	56714040 56664996 56777066 56655618
42	56731890 56645112 56645175 56645185
43	56646121 56709241 56757221 56783156 56707167 56674708 56754468
44	56705593 56772456 56771589
45	56634140 56709261 56731281 56748151 56716892 56653883 56653565 56751069
46	56759440 56645561 56646951 56677711 56768952 56677713 56768735 56688106 56768747 56768937 56662438 56665748 56768269 56768459 56768499
50	56665500 56743351 56743174
51	56691580 56653542 56781972 56691563 56653294 56682864 56669018
52	56662400 56662410 56662402 56662412 56662404 56662414 56672445 56662406 56662408 56717748
77	56685062 56753643 56635485
81	56736813 56695727 56634799
115	56745361
120	56678341
140	56763131
144	56635097
152	56740480 56740481 56740485 56740487
156	56653231
159	56709618
161	56671828
166	56743114
172	56731920
173	56705764 56705849
174	56720423
191	56716598
192	56674851 56675035
244	56777955
251	56766336
268	56698610 56778801 56778666 56697937 56779358 56778439
324	56653428
375	56670992
385	56657152

Unimplemented

SP1 Possibly Timed Out
    8	56734610
    9	56736162
    11	56709184 56649116 56681786 56637177 56656449
    22	56719173 56735953 56735628 56692420 56701813
    35	56645931 56784338
    43	56766593 56766594
