SP2 Parser Failure
4	58001051
4	57961142
4	57909955
4	57923336
11	57949620
11	57949713
15	58017720
15	58012445
15	58019105
17	57949401
17	57951022
22	57993691
22	57949062
22	57992252
22	57978943
22	57992266
35	57977593
35	58039464
35	57979699
43	57971344
97	57889922
103	57889988
140	57995250
140	57911191
140	58003837
158	57942174
159	57997615
159	57997616
159	57997618
248	57980051
388	57907919

Unidentified
2	57908110
2	57924350
2	57955570
2	58001390
2	58033520
2	57988901
2	57981542
2	58040512
2	57920023
2	58006503
2	58018133
2	57897704
2	57961474
2	57979874
2	57979914
2	57996594
2	58016554
2	58019785
2	58040865
2	57887876
2	58019916
2	57971897
2	58009617
2	58012247
2	57934358
2	57937178
2	57996798
2	57914429
2	57934339
2	57960999
2	57965919
2	57979799
2	57979899
2	57984959
3	57992702
3	57977768
4	57889231
4	57937545
4	57976316
4	57907797
4	57908148
6	58038681
6	57920662
6	57941352
6	57937443
6	57908875
6	57946555
6	57994576
6	57920037
6	57938697
6	57996907
6	58042797
6	57889788
8	57967511
8	57981721
8	57981722
8	57897924
8	57941785
8	57989835
8	58042195
8	57964066
8	58037046
8	57934598
8	57897929
8	57924409
9	57994800
9	57932661
9	57948081
9	58031615
9	58040735
9	57965446
9	57970116
9	57900628
9	57945009
9	57953789
10	57998401
10	58037971
10	57979278
10	57997959
11	57999040
11	57911261
11	57931613
11	58009103
11	58012673
11	57952945
11	58038605
11	57917366
11	58017466
11	57919189
11	57943369
12	57942920
12	57980691
12	58018791
12	58012422
12	57980693
12	57980694
12	57978807
14	58041742
14	58014775
15	58001240
15	58029404
15	58010536
16	57947386
17	57946111
17	57994103
19	57946400
20	57956210
20	57889751
20	57906391
20	58033732
20	57922333
20	57916984
20	57949184
20	57954174
20	57916975
20	57916995
20	57953075
20	57954155
20	57994395
20	57994796
20	58017046
20	57963827
20	57967708
20	57901009
20	57916989
20	57990419
20	58032369
22	57922320
22	57935121
22	57937611
22	57968631
22	58035861
22	57940182
22	57968662
22	57972232
22	58000412
22	57899073
22	57996593
22	57916184
22	58012154
22	58018214
22	57941495
22	57950425
22	57968615
22	57978145
22	57980265
22	58014275
22	58020045
22	58023165
22	57935806
22	58012176
22	57941817
22	58004047
22	58014227
22	58014257
22	57889578
22	57919538
22	57935108
22	57951238
22	57971118
22	57976538
22	57887999
22	57899069
22	57899719
22	57922399
22	57935109
22	57935209
22	57940169
22	57961479
22	57978959
22	57990619
22	57999769
22	58018919
22	58041859
23	57933531
23	58031902
23	58018583
23	58018675
23	58007126
23	58020317
23	58034467
23	58034718
24	57988310
24	57988033
24	57910776
24	57948987
24	57989887
24	57948939
24	57995549
25	58034191
25	58023089
26	57922895
26	57966345
27	57986820
27	58018644
28	57905810
28	57966910
28	58035760
28	58041430
28	57956031
28	57977691
28	58036171
28	57953783
28	57991103
28	58036283
28	57889664
28	57923285
28	57900996
28	57904096
28	57923046
28	58031506
28	57953027
28	57969197
28	57961249
29	57980171
29	57887974
30	58042402
30	58031994
30	58013995
30	58018875
30	57996847
30	58038088
30	57910829
30	57950409
30	57996819
32	57969850
32	57921793
32	58042843
35	57938870
35	57997980
35	58003220
35	57889471
35	57904151
35	57910531
35	57953431
35	57964121
35	57965331
35	57994311
35	58041211
35	57915822
35	57961332
35	57991152
35	58030012
35	58040262
35	57888263
35	57889473
35	57911003
35	57915763
35	57930453
35	58026083
35	57833824
35	57909494
35	57915844
35	57931774
35	57958584
35	58007214
35	58007654
35	58008594
35	58039404
35	57888135
35	57915855
35	57921235
35	58012145
35	57910806
35	57915806
35	57980606
35	57989106
35	57994466
35	57997986
35	57908997
35	57915827
35	57994477
35	57888918
35	57907918
35	57911228
35	57933718
35	58017438
35	58030018
35	58039478
35	57898049
35	57909499
35	57921239
35	57971809
35	57991789
35	57994319
35	58023559
35	58040229
41	57952620
41	58016513
41	58014178
41	57962469
42	57992915
42	57994278
43	57938590
43	58026520
43	58030381
43	57993143
43	58038453
43	57919194
43	58028405
43	57926656
43	57969077
43	57975397
43	57993147
43	57926948
44	58043502
45	57933451
45	57933453
45	57933454
45	57933455
45	57933456
45	57976947
46	57938430
46	57981501
46	58013172
46	58013143
46	57938464
49	57994240
49	57994562
49	57994343
49	57994394
49	57994275
49	57994315
49	57994485
49	57994535
49	57994586
49	57994507
50	58036523
50	57903984
51	57972253
51	57998658
51	58041868
52	58036278
72	58029820
72	57960891
72	58036359
73	58000247
75	57905636
76	57921122
77	57910312
77	58010044
77	57917085
77	57908966
77	57909797
81	58040851
81	58007383
81	58005024
81	57926167
83	57888667
90	57924490
90	57924488
90	57932598
111	58038425
115	58029021
115	58029022
128	58005919
139	57932156
154	58027449
156	57890030
156	57968255
156	57890026
161	57813127
162	57965208
180	57979993
192	58040616
196	58037632
234	57910432
268	58041890
268	57926494
268	57888269
376	57918859
385	57931350
385	57931332
385	57931345
385	57931356
385	57931338
385	57931319
388	57941307
57938506 Statement Password	matches	Unidentified	SP1 failed with message Binary file 57938506/out matches

Unimplemented

SP1 Possibly Timed Out
2	58032933
6	57947385
10	57924821
11	57968253
11	57949434
11	58021885
11	57984838
11	58022038
15	57995514
15	57982727
22	58009620
22	57930703
22	57888428
22	57931159
30	58037154
30	57934987
31	57965317
51	57927684
