SP2 Parser Failure
    4	55727028
    17	55783537
    22	55732834
    28	55776176 55729518
    35	55792613
    43	55740769f
    140	55703242f 55766133f 55703155f 55703685f 55700937f
    180	55766234f
    194	55733220f
    196	55743400f

Unidentified
    2	55673211 55702712 55763033 55773003 55710844 55792384 55671445 55693165 55673377 55723547 55732137 55795247 55719918 55726689 55783409
3	55754274
4	55770771 55742193 55727014 55693817 55709369
6	55684810 55746500 55719704 55771674 55734325 55771687 55712658 55773549
    8	55781242 55795182 55681093 55736413 55764543 55787243 55789573 55681584 55724485 55725815 55759025 55764225 55696417 55790767 55781638 55796728 55781909
9	55687214 55789934 55797274 55693455 55768235 55463206 55765666 55797396 55764238
10	55420731 55672414 55735884 55689645 55745527 55425419
11	55736900 55738141 55786692 55711933 55762245 55786687 55790717 55732058 55719329 55738299 55791719
12	55744481 55789841 55782052
14	55742515
    15	55715620 55729080 55739660 55739670 55729071 55704172 55704202 55720265 55697066 55704236 55719166
16	55672890 55672001 55724403 55724454 55724415 55724439
17	55718820 55732943 55685228 55718829 55798019
19	55794930 55692001 55693427
20	55731320 55735520 55735890 55735910 55743410 55765040 55788260 55735521 55735731 55739991 55740031 55735382 55735522 55700083 55735263 55735513 55735523 55735883 55751383 55735514 55735524 55735744 55743384 55718005 55735515 55735525 55768655 55710346 55717376 55735516 55735526 55735766 55735856 55716127 55735517 55735527 55735518 55735528 55743368 55762128 55776258 55777748 55684349 55712569 55735519 55735739 55748089 55763069 55781359
21	55792124
22	55566620 55694170 55705430 55726750 55728460 55749120 55750190 55671501 55725251 55765401 55796761 55727882 55751342 55765302 55790722 55765293 55765323 55771773 55697694 55715494 55765274 55775414 55776274 55796504 55671485 55701285 55729145 55761495 55765355 55773515 55794655 55734976 55746626 55749216 55765256 55767616 55776746 55777626 55796496 55681957 55685237 55693977 55735548 55749348 55757448 55761858 55765278 55765378 55771758 55725889 55727069 55757469 55765269
23	55708848 55737618
24	55764750 55724082 55724092 55683483 55684214 55717204 55724075
25	55769931 55671673
26	55684313 55755853 55725416
28	55682310 55672271 55682301 55722711 55765191 55726212 55749842 55672183 55704133 55749823 55724964 55672975 55749855 55686946 55776676 55686887 55697397 55712167 55680788 55673219
29	55786724 55720407 55685668
30	55791570 55740952 55793254 55765245 55685467 55777017 55686748 55728168
31	55760343 55760416
32	55743941 55695344 55717045 55791985 55743429
35	55717080 55756610 55690381 55718751 55741691 55743821 55748101 55760441 55794831 55672792 55752762 55756682 55783492 55791612 55690593 55723603 55727433 55746873 55752733 55767073 55422774 55732304 55736054 55746894 55777324 55796374 55671955 55697045 55709165 55749645 55759525 55798755 55696666 55709166 55746866 55751376 55764696 55798256 55709167 55714287 55733167 55769017 55698978 55702438 55709168 55717778 55767078 55797128 55798278 55671739 55694459 55709169 55714279 55720099
41	55790691 55703473 55730024 55710076 55715278 55710009 55710059 55714869
42	55760205
    43	55598531 55699581 55726583 55690785 55755057 55738698 55738369
44	55706868
45	55702420 55702514 55780775 55698828 55770618
46	55797500 55700901 55788742 55793442 55736813 55792175 55742897 55688948
50	55797847 55797999
51	55719231 55798362 55775653 55793294 55775618
57	55724894
71	55673133
72	55690806 55690277
76	55763370 55763377
77	55719520 55719381 55683104 55787315
    116	55440273f 55440445f 55581517f 55440628f
156	55758192 55694008
173	55767191
195	55784008
196	55787850
226	55751717
    248	55735132f 55735133f
251	55685331
259	55728024
    268	54810861 55684531 55795661 54779202 55705123 55796865 55740196 55756226 55672897 55755918 55433389

    Unimplemented
    46	55712186

    SP1 Possibly Timed Out
    10	55690203f
    11	55765702 55729934 55774727
    12	55766498
    20	55758525
    21	55688472f 55696170f 55688471f 55688469f 55696169f
    22	55708261
    30	55797468
