SP2 Parser Failure
    4	53692962 53634955 53762138
    6	53671296
    20	53667166
    22	53722884 53738846 53682399
    43	53737326 53737366 53710207 53737299
    158	53692097
    189	53648660
    265	53737192f 53586873f 53737114f 53748264f 53737155f 53737215f 53737235f 53748276f 53737258f 53748258f 53737099f

Unidentified
2	53727270 53635911 53715741 53768023 53689244 53747454 53770864 53724675 53742738 53778898 53768029
4	53704152 53674366 53736439
6	53717911 53718941 53723613 53740804 53645655 53695835 53661866 53770507 53661979 53734389 53749279
8	53774320 53730601 53730631 53730651 53733041 53659062 53772255 53697507 53637628 53653078 53663849 53751389
9	53662200 53686510 53745831 53661022 53745463 53658125 53725995 53686836 53774247 53692268 53775168 53761819 53778209
10	53730050 53771210 53666991 53699201 53701811 53653273 53722406
    11	53634810 53636421 53637601 53670341 53691091 53634793 53648083 53717793 53734733 53634804 53670314 53654786 53689666 53773197
12	53776810 53758823 53768595 53676626 53776786 53731717 53770557 53668299 53706349 53767109
14	53707024
    15	53742461 53742861 53660302 53712052 53742912 53684823 53723516 53758547 53725128 53742868 53709449
16	53732677 53680549
17	53668147 53775357 53697978 53700088
18	53745628 53719729
19	53708484 53703739
    20	53674060 53694661 53708111 53713981 53683332 53708132 53718242 53761962 53768422 53692073 53704903 53741203 53635704 53637684 53659974 53743424 53771554 53705875 53762355 53756536 53636207 53645917 53677887 53759958 53768408 53776138 53710969
21	53708863 53718793 53762823 53708894
    22	53664750 53690440 53745250 53767811 53774521 53707902 53720872 53773942 53688223 53708373 53724144 53742074 53744424 53775524 53646455 53672635 53701135 53701155 53701226 53709956 53741436 53742276 53745246 53646087 53692147 53701207 53723937 53745247 53745248 53752778 53770008 53646079 53688039 53739849 53745249 53747209 53750649
23	53687221 53691871 53673792 53645983 53732574 53739376 53668077 53705127
    24	53693930 53690451 53693931 53674892 53646815 53695745 53715725 53750236 53714917 53719637 53746127 53769308
25	53689031 53710441 53753892 53732643 53736824 53761654 53708726 53704047 53665118 53761558
26	53707044 53656755 53761059
    28	53653460 53714520 53726160 53662261 53707031 53741171 53752021 53769371 53769381 53769391 53769801 53705212 53708842 53738492 53752102 53777772 53656503 53698814 53741194 53748454 53769364 53769764 53769774 53693595 53714485 53747555 53769385 53769296 53778766 53645747 53700607 53708657 53714497 53769497 53769757 53769787 53693478 53769378 53772148 53778838 53653439 53741199 53752079
29	53681351
    30	53645944 53745795 53776146 53778726 53666288 53718438 53654159
    32	53684940 53685220 53717970 53685121 53685171 53738151 53738521 53751641 53737142 53746982 53685273 53738203 53762794 53747075 53737228 53685089 53738029
    35	53688990 53705760 53706570 53724320 53671081 53688181 53705711 53752321 53635682 53657032 53662802 53707062 53738212 53751862 53758902 53662343 53686103 53688173 53688183 53704923 53705723 53719413 53724743 53746593 53768583 53771953 53656514 53663544 53675024 53686854 53688184 53718644 53724794 53726884 53740314 53746594 53760804 53686095 53688175 53690095 53722575 53728105 53733455 53742105 53742735 53746595 53758965 53760865 53659486 53663896 53663906 53679826 53688176 53691486 53707446 53722456 53739876 53758956 53662517 53663787 53688177 53705697 53705787 53718487 53719267 53732847 53732877 53746157 53750807 53776297 53646958 53653028 53653258 53662458 53678638 53686098 53688178 53688798 53689058 53705748 53724818 53739458 53774188 53636619 53658759 53659489 53681369 53689659 53693579 53702279 53705739 53706719 53722769 53764359
41	53713140 53709276
42	53635509
    43	53669710 53670840 53714510 53709541 53704472 53717922 53746493 53772014 53659105 53670845 53692325 53692355 53692395 53666066 53670846 53772087 53666078 53670848 53670839 53684659 53692299
45	53777190 53708283 53715635 53750566
46	53658510 53726025 53741776 53708967 53667208 53694449 53724519
50	53671770 53719001 53767167
51	53667120 53768531 53666132 53666136 53636017
57	53657746 53698177 53634578 53769748
75	53772590
77	53762944 53685375 53682148 53682149
83	53750318
92	53676244 53676245 53676246 53676247 53676248
    140	53712140f 53728240f 53769600f 53755661f 53726992f 53744912f 53741503f 53727885f 53730455f 53734535f 53741905f 53743115f 53715306f 53751676f 53765856f 53772506f 53684287f 53750867f 53769617f 53718338f 53741628f 53743238f 53744938f 53750688f 53754978f 53646009f 53668629f 53683849f 53707399 53741419 53744969f
147	53670702 53670703 53670704 53670705
151	53736730 53664153
156	53774271 53774235
161	53715731
166	53741331 53758618 53770509
183	53778668
184	53716306 53716608
191	53670770
195	53671558
267	53656960 53657118
268	53745452 53656803

Unimplemented
    46	53759925 53720758 53652719

SP1 Possibly Timed Out
    6	53646016 53646267 53698717
    11	53668420 53657841 53744085
    12	53683688
    15	53749149
    20	53697161 53727621 53697172
    22	53691080 53678211 53750654
    28	53763084
    30	53634710 53683801 53683923 53635224 53635009
    32	53685055
    35	53673333
    43	53655900 53662962
    76	53718100
