SP2 Parser Failure
4	60546510
    11	60464480f 60501920 60539872f 60509013f 60522313f 60523083f 60541863f 60511426f 60515846 60462967f 60509337f 60525467f
12	60478606
15	60493681 60423349 60521159
17	60462823 60452264 60490249
24	60450479
41	60517347
50	60527015
77	60421969
    81	60494492F 60506742F 60493817F
198	60490853
248	60475506
251	60435298

Unidentified
2	60395641 60435051 60453432 60546082 60547242 60396723 60497544 60405277 60515298 60526058 60545658
4	60502261 60439353 60497725 60426369
6	60498110 60497751 60552641 60423292 60430252 60480602 60510102 60458483 60552355 60408956 60434576 60458107 60537998
8	60419720 60479440 60505790 60409131 60415311 60465241 60536401 60538042 60505403 60536483 60504894 60478278 60419679
9	60427390 60429172 60516442 60520062 60539952 60416233 60427283 60514534 60437457
10	60395193 60434563 60488333 60488274 60488316
11	60405651 60536851 60428236 60541657 60548149
12	60481240 60497390 60477891 60525441 60486753 60537833 60493836 60505648 60486779
14	60479469
15	60475990 60393771 60408912 60465403 60468424 60544155 60394176 60468458
16	60502540 60513630 60451483 60526655 60456188
17	60548189
20	60410850 60482480 60482471 60544051 60489662 60539592 60519063 60466654 60519084 60519124 60519804 60551884 60483355 60517235 60409646 60522896 60515977 60519267 60551888 60496949 60548369
21	60482231 60426412
22	60406910 60453790 60464910 60498390 60503710 60538490 60520151 60535101 60406912 60431982 60453772 60519582 60552022 60405353 60425053 60440483 60448703 60525403 60545583 60551973 60462594 60527645 60509266 60442927 60521857 60537337 60545527 60397358 60442158 60525288 60498149
23	60524761 60431082 60408554 60434234 60524806 60477618 60450899 60522499
24	60527971 60431992 60465942 60530155 60476306 60528266
25	60546075 60523347 60523129
26	60448799
28	60414080 60452520 60457270 60487750 60545500 60451411 60468651 60406772 60405373 60424773 60451493 60551613 60398684 60411384 60456924 60553104 60397335 60451515 60451575 60480855 60416766 60504506 60537026 60419877 60422687 60433467 60451477 60451567 60424748 60447518 60518708 60518848 60424759 60433599 60451419 60518729
30	60496580 60496601 60550571 60413453 60453533 60417236 60496579
31	60452997 60462347
32	60490340 60490341 60490342 60490343 60490344 60395078 60534359
35	60393880 60393940 60411620 60456140 60525150 60546770 60395161 60411531 60434551 60434841 60460371 60494401 60497011 60515701 60539961 60434892 60474712 60478352 60417513 60460233 60504103 60539953 60543423 60472804 60504184 60515854 60540554 60540614 60540624 60543094 60426625 60458525 60496965 60525075 60407076 60407266 60428986 60436596 60480296 60467847 60468007 60487077 60498197 60504557 60541997 60543847 60442978 60530438 60544258 60425459 60431429 60442989 60466729 60480729 60489619 60497469 60516669
41	60546450 60414605 60527396
42	60475390 60475460 60475403 60475554 60441515 60475515 60475476 60475496 60475606 60510816 60475437 60475468 60475588 60469739
    43	60413550F 60416051F 60416191F 60552651F 60482262F 60517992F 60405174F 60514436F 60534916F 60454337F 60520877F 60524907F 60528507F 60528967F 60442428F 60484289F 60513509F
    44	60430430F 60445891F 60497001F 60430442F 60445892F 60474882F 60430463F 60445893F 60524483F 60427614F 60519994F 60453325F 60436716F 60474896F 60489016F 60521796F 60435427F 60435637F 60478747F 60423768F 60453718F
45	60518330 60464973 60474223 60502663 60483184 60422237 60442657 60518017 60427508 60518208 60518268
46	60532170 60358121 60451192 60516562 60452234 60541434 60420155 60446025 60452235 60537195 60544305 60515476 60534978 60420159 60420179
50	60469428
51	60469691 60457842
57	60535941 60476007
77	60551590
81	60456362 60513805 60457476 60459659
83	60465310 60465311 60465312
90	60419130
140	60498920 60550073 60498856
151	60418542 60418545
158	60547238
    161	60513702F 60513793F 60513687F 60513729F 60513749F 60513779F
166	60529569
172	60455249
    174	60418670F 60418668F 60418669F
178	60429137
191	60439910
192	60493616
226	60429801
234	60460027
244	60440427 60473837
255	60440592
267	60417341 60394674
    268	60437072j 60408223j 60549363j 60548328j

Unimplemented

SP1 Possibly Timed Out
6	60547054
8	60521542 60499234
9	60482657
11	60415020 60426580 60437804
15	60490751 60500133
19	60506013
20	60467404
22	60522453 60436424
29	60422913
    30	60502880F 60496591F 60550472F 60496596F 60496696F 60496607F 60529017F 60496598F 60496599F
31	60457652 60491435 60433607 60483788
35	60465950 60519095
43	60432879 60538970
    44	60487042F 60455154F 60504545F 60473806F 60481246F 60486697F
