SP2 Parser Failure
4	54569651
8	54644538
9	54615452
9	54651123
9	54666754
11	54614954
17	54651710
17	54651662
17	54651325
17	54651368
17	54651649
22	54606010
22	54606690
22	54650541
22	54594653
22	54611996
22	54617806
22	54602667
22	54599318
24	54570400
29	54656623
35	54677995
50	54583456
140	54614210
140	54668112
140	54627244
140	54596035
140	54625118
157	54634071
157	54634013
166	54624511
259	54646667
259	54646668
267	54626826

Unidentified
2	54619170
2	54655780
2	54675170
2	54576811
2	54685291
2	54647022
2	54603403
2	54675164
2	54685694
2	54582866
2	54685256
2	54617788
2	54662768
2	54675178
2	54649779
2	54651459
3	54681764
4	54683810
4	54683821
4	54603452
4	54585083
4	54683815
6	54584121
6	54628241
6	54645433
6	54607224
6	54584125
6	54572949
8	54598541
8	54597612
8	54595176
8	54609437
8	54579789
9	54580191
9	54578142
9	54612562
9	54635652
9	54651312
9	54616184
9	54628295
9	54592366
9	54643046
9	54588378
9	54640998
9	54626959
10	54646434
10	54633507
10	54651748
11	54662030
11	54601091
11	54603161
11	54662711
11	54646512
11	54620853
11	54662933
11	54591974
11	54662124
11	54663334
11	54645616
11	54680656
11	54603347
11	54615338
12	54626720
12	54665515
12	54688185
12	54560068
12	54641988
14	54684280
14	54589704
14	54491095
14	54595935
14	54569367
15	54615651
15	54677922
15	54650754
15	54663324
15	54650725
16	54629859
16	54637389
17	54617500
17	54577695
19	54623421
19	54585253
19	54610474
19	54679864
19	54652585
19	54615426
19	54615427
20	54640910
20	54673640
20	54634241
20	54561272
20	54652252
20	54467813
20	54579643
20	54628523
20	54581854
20	54591755
20	54647365
20	54676435
20	54559817
20	54560957
20	54676427
22	54561240
22	54571530
22	54598190
22	54668410
22	54579191
22	54583681
22	54618901
22	54650521
22	54654011
22	54675441
22	54679101
22	54587382
22	54675462
22	54586573
22	54588263
22	54613803
22	54625733
22	54559965
22	54588265
22	54601845
22	54612395
22	54630785
22	54661775
22	54587506
22	54611166
22	54594707
22	54597927
22	54619397
22	54570269
22	54589209
22	54598169
24	54648712
24	54676462
24	54627883
24	54647383
24	54570164
24	54558838
25	54629110
25	54674987
26	54669102
26	54624275
26	54595367
27	54580901
27	54679532
28	54561280
28	54591850
28	54638300
28	54687330
28	54583661
28	54645001
28	54628482
28	54681092
28	54598373
28	54607153
28	54624643
28	54637834
28	54649774
28	54674684
28	54637825
28	54688355
28	54619647
28	54660487
28	54648629
29	54587471
29	54587933
30	54665395
30	54613237
30	54685067
32	54589385
32	54619215
32	54620586
32	54619238
32	54625299
35	54578270
35	54627550
35	54640660
35	54650250
35	54655040
35	54660410
35	54674420
35	54681490
35	54583531
35	54587821
35	54627551
35	54633971
35	54650251
35	54627552
35	54639492
35	54669402
35	54681512
35	54583623
35	54589923
35	54597103
35	54627553
35	54643973
35	54668593
35	54559884
35	54587974
35	54632734
35	54640694
35	54676404
35	54586065
35	54597215
35	54606055
35	54611485
35	54640135
35	54640365
35	54663925
35	54664675
35	54679535
35	54655066
35	54682256
35	54582437
35	54596807
35	54641837
35	54558978
35	54559218
35	54570028
35	54570848
35	54599518
35	54621628
35	54626268
35	54626718
35	54627548
35	54640418
35	54576629
35	54588049
35	54588079
35	54627549
35	54655049
35	54677769
41	54580670
41	54657062
42	54582983
42	54636873
42	54636888
43	54576991
43	54599941
43	54578252
43	54633432
43	54648453
43	54592297
43	54651307
43	54658667
43	54686277
44	54605591
44	54667315
44	54584266
45	54588493
45	54571989
45	54671459
46	54599111
46	54569502
46	54599124
50	54595894
50	54633357
51	54634853
51	54678695
72	54640221
75	54622157
77	54654275
81	54609556
140	54641012
140	54677012
140	54677006
140	54677017
140	54677029
151	54583270
156	54586598
156	54617958
175	54684303
193	54628435
195	54640748
244	54600624
255	54584393
268	54680112
268	54584114
268	54646604
268	54583446
268	54583516
385	54637760

Unimplemented

SP1 Possibly Timed Out
8	54569432
8	54645409
8	54641139
11	54664211
11	54685332
11	54687508
11	54687978
11	54655979
19	54580700
19	54596552
19	54579053
19	54666703
19	54677133
19	54599984
19	54584585
19	54604026
19	54616586
19	54581087
19	54583717
19	54603887
19	54679867
19	54652778
19	54583059
20	54587803
20	54602643
22	54646442
30	54682782
30	54647774
30	54677485
31	54613362
32	54659170
32	54620633
32	54620653
32	54620605
35	54639350
35	54639372
35	54639383
35	54639327
35	54639337
35	54639387
35	54639319
35	54639359
35	54639399
43	54683812
43	54686425
140	54666082
