SP2 Parser Failure
4	53313394
4	53223317
6	53294299
11	53245515
11	53245479
17	53161230
17	53128646
17	53280369
22	53115840
22	53234410
22	53150887
22	53153248
22	53230468
24	53266957
24	53266948
46	53300016
51	53310920
154	53229190
154	53229001
154	53229191
154	53229002
158	53322613
159	53111818
192	53135139
251	53018844
259	53261315
263	53104777
263	53104649

Unidentified
2	53250001
2	53165092
2	53223722
2	53226942
2	53250032
2	53250072
2	53268054
2	53239485
2	53330995
2	53282956
2	53241978
2	53294658
2	53250049
4	53205270
6	53223200
6	53261390
6	53292200
6	53304881
6	53336012
6	53305274
6	53304325
6	53204036
6	53301298
6	53330868
8	53239711
8	53128802
8	53279072
8	53323342
8	53272393
8	53275323
8	53316513
8	53330523
8	53261634
8	53261884
8	53232075
8	53329245
8	53162996
8	53247956
8	53320346
8	53222697
8	53340437
8	53295308
9	53222483
9	53288924
9	53263965
9	53310246
9	53335706
10	53307671
10	53307602
10	53265673
10	53269118
10	53324798
11	53222451
11	53224231
11	53310943
11	53336703
11	53203934
11	53106118
12	53340140
12	53338141
12	53303093
12	53338149
14	53099100
14	53310134
14	53310774
14	53310757
14	53099079
15	53178480
15	53332651
15	53338022
15	53313584
15	53255995
15	53332625
15	53178936
15	53177607
15	53275047
15	53255978
15	53289888
17	53205302
17	53265822
17	53322842
17	53224564
19	53229332
19	53277804
19	53254655
20	53204810
20	53227180
20	53318000
20	53322910
20	53160031
20	53246611
20	53246631
20	53268471
20	53304572
20	53247083
20	53268633
20	53295863
20	53246654
20	53247074
20	53304564
20	53304614
20	53246585
20	53246645
20	53247055
20	53295955
20	53316477
20	53325107
20	53248728
20	53282308
20	53301758
20	53304578
20	53227959
20	53247049
20	53268549
20	53304599
20	53304629
20	53309239
21	53223653
21	53240827
22	53278331
22	53334691
22	53138842
22	53278322
22	53317412
22	53227833
22	53252333
22	53264833
22	53304433
22	53321683
22	53269714
22	53278314
22	53291004
22	53337674
22	53293125
22	53309685
22	53222796
22	53232436
22	53262166
22	53165887
22	53227527
22	53243957
22	53274687
22	53292177
22	53326497
22	53245288
22	53205099
22	53293109
22	53310509
22	53333659
22	53337549
23	53215760
23	53103171
23	53300635
23	53222776
24	53272460
24	53279220
24	53289770
24	53337880
24	53334961
24	53257622
24	53339594
24	53277215
24	53332575
24	53339626
24	53257227
24	53335107
24	53338057
24	53257629
24	53290079
24	53339599
25	53222441
25	53301442
25	53326032
25	53245973
25	53245985
25	53245956
25	53130968
26	53334121
26	53245662
26	53335132
26	53335134
27	53334913
27	53271415
28	53226221
28	53258092
28	53284602
28	53285382
28	53308322
28	53227034
28	53311524
28	53328614
28	53222195
28	53222245
28	53292075
28	53285056
28	53256718
28	53293098
28	53307228
28	53339649
29	53293163
29	53304645
29	53265227
30	53268532
30	53329584
30	53214885
30	53214887
30	53214889
30	53268559
32	53330040
32	53330021
32	53246752
32	53330042
32	53298243
32	53231454
32	53263244
32	53330064
32	53340734
32	53109565
32	53246716
32	53320577
32	53330077
32	53340737
32	53298248
32	53330088
35	53213720
35	53226630
35	53239940
35	53279630
35	53283590
35	53304850
35	53309220
35	53320540
35	53333990
35	53110451
35	53234041
35	53296941
35	53309841
35	53316591
35	53239742
35	53258532
35	53275002
35	53303852
35	53318062
35	53321942
35	53325152
35	53163723
35	53217133
35	53257873
35	53262363
35	53284073
35	53284683
35	53293553
35	53310613
35	53322863
35	53339713
35	53213724
35	53222734
35	53305884
35	53314824
35	53330544
35	53340104
35	53238065
35	53273525
35	53305885
35	53310905
35	53334515
35	53339715
35	53340215
35	53224266
35	53228826
35	53258546
35	53304826
35	53313246
35	53335656
35	53335876
35	53241897
35	53256527
35	53269047
35	53305887
35	53326287
35	53329737
35	53331237
35	53331927
35	53337807
35	53234658
35	53236848
35	53245198
35	53250458
35	53299518
35	53305388
35	53306828
35	53330848
35	53331238
35	53223639
35	53269049
35	53300249
35	53300839
35	53305889
35	53316249
35	53331239
41	53268013
41	53277596
41	53296397
41	53277769
42	53253380
42	53168421
42	53256256
42	53307416
43	53333310
43	53257026
43	53283776
43	53309516
43	53326837
43	53309549
44	53288445
44	53226648
46	53246372
46	53241948
46	53298448
51	53279443
51	53215514
51	53279425
52	53225304
52	53305539
56	53222060
56	53223243
56	53223224
56	53223205
56	53223277
57	53223727
71	53325347
72	53286453
75	53330721
77	53305660
77	53305670
77	53338970
77	53323831
77	53305662
77	53339142
77	53305664
77	53323836
77	53305668
77	53305669
79	53325874
81	53240544
90	53118073
122	53260516
122	53260508
151	53242840
151	53157901
151	53086825
151	53242988
152	53318301
152	53318304
152	53318305
152	53318307
152	53318299
157	53290634
158	53323772
185	53244129
186	53272800
186	53272801
192	53341104
193	53303255
194	53165833
225	53133501
244	53133472
247	53134582
268	53235310
268	53339203
268	53264014
268	53264354
268	53339316
268	53257987
268	53296987
268	53235959
324	53322648
324	53322649
53327785 Image Statement Password	matches	Unidentified	SP1 failed with message Binary file 53327785/out matches

Unimplemented
46	53223720

SP1 Possibly Timed Out
10	53134965
11	53247882
11	53259992
12	53099761
14	53310711
15	53312642
15	53301993
15	53312643
15	53301994
15	53311187
20	53298624
20	53121416
21	53241283
21	53241279
22	53266130
22	53296262
22	53276834
22	53273955
22	53327840
30	53283011
31	53280501
31	53322143
31	53280619
32	53246687
35	53323132
35	53294437
43	53174009
