SP2 Parser Failure
    4	58085988
    9	58174865 58174699
    11	58142089f
    14	58085700 58085702
    15	58110508f
    17	58125502
    22	58158693 58158324 58112449
    28	58146369
    35	58061867
    43	58144934
    83	58103147
    140	58079732 58079449
    173	58103698f
    268	58057308f
    390	58103150f 58100263f
    391	58104224f

Unidentified
    2	58088130 58105960 58144630 58145450 58147840 58187870 58148291 58162961 58044113 58064143 58108113 58144633 58152643 58167753 58101234 58144624 58145694 58176214 58113075 58114425 58145655 58166885 58106626 58107396 58140786 58155816 58068527 58093507 58160407 58178057 58063608
3	58157203 58067454 58177185
6	58113180 58184113 58106394 58121955 58083376 58158496 58058788
8	58087990 58137870 58065321 58140631 58110622 58130402 58139463 58158553 58112464 58159674 58183394 58186435 58134446 58138116 58140616 58146796 58156416 58103307 58134608 58160668 58124009 58140609 58152929
9	58178350 58087872 58178322 58187752 58178584 58088295 58176025 58087866 58116347 58178557 58092969
10	58132170 58057845 58063167 58055478 58181329
11	58085804 58087794 58100244 58150024 58087835 58045266 58100107 58118697 58137127 58100238 58118659 58188759
12	58108793 58188673 58106278
14	58166500 58093212 58166482 58069453 58176173 58166446 58092989
15	58147041 58113333 58102446 58110967 58120369
16	58128697
17	58172215 58180736
18	58113213
20	58107190 58175220 58098081 58130051 58132821 58174751 58175871 58178181 58185471 58130162 58166472 58173552 58174372 58114763 58175193 58175883 58130064 58130174 58164574 58173554 58173824 58076365 58114785 58129485 58137135 58148255 58164535 58166445 58093376 58133376 58173836 58174366 58174767 58181567 58068968 58130158 58166478 58173538 58114739 58130039 58173829 58174759 58175879
21	58045597
22	58068880 58076630 58092600 58121670 58155020 58157070 58057911 58121671 58128671 58145391 58069092 58074502 58113092 58121672 58186902 58063943 58119363 58121673 58073354 58111814 58121674 58141734 58157234 58158934 58065885 58066145 58183005 58157136 58158336 58077017 58091597 58111327 58131097 58155157 58159997 58046188 58092638 58155578 58185858 58063319 58065669 58091659 58113019 58113809 58114199 58121669 58145099
23	58128090 58128091 58128121 58172261 58128122 58128123 58128114 58172214 58044445 58128105 58146215 58127046 58128087 58128097 58128107 58128117 58131477 58145697 58167477 58128098 58128118 58128099 58128119
24	58056031 58157112 58115993 58156244 58155686 58158296 58173856 58144557
25	58097282 58068877
26	58152801 58126612 58155922 58103623 58105334 58045126 58105628
28	58100930 58129900 58130450 58149880 58067901 58077741 58134031 58146532 58174592 58057553 58072563 58167343 58095474 58167355 58063996 58076966 58118946 58141658 58167328 58174608 58161709
29	58095961 58157907 58095848 58110359
30	58130860 58128393 58130774 58106816 58094787 58131877 58142397
31	58168277
32	58074914 58123674 58185127
35	58047240 58072330 58130340 58145140 58167590 58043941 58056891 58106821 58127221 58130331 58130341 58130351 58133061 58119092 58148902 58161482 58163402 58185352 58045413 58127563 58130343 58146983 58155273 58157083 58157753 58165893 58043914 58045084 58046334 58073454 58100524 58130344 58130364 58148914 58157104 58181834 58186554 58130335 58130355 58157725 58161485 58181645 58183395 58043886 58062356 58127456 58130336 58157936 58175426 58069757 58113667 58130347 58175277 58175897 58106608 58119078 58123948 58128078 58130348 58176538 58180888 58188668 58072619 58106609 58117449 58118889 58119059 58145159 58158469 58177969 58181719
41	58113753 58183336 58112807
42	58183133 58119714 58108459
43	58128800 58118351 58084933 58123044 58115185 58150615 58097866 58150616 58080707 58129607 58077238 58107308 58142029
44	58180376
45	58177220 58179451 58176292 58176952 58116383 58116384 58182725 58116386 58116387 58116388
46	58156581 58117615 58046207 58071987
50	58044919
51	58101830 58144965 58184956 58176047 58123628 58185568
52	58083455 58055546 58132329
53	58139314
72	58132155
77	58082900 58083400 58083401 58100451 58139431 58083402 58083403 58082895 58186625 58082896 58138416 58082897 58082898 58083398 58082899 58083399
128	58005919
151	58132111 58132112
154	58074576
159	58080960 58080971 58080981 58080993 58080915 58080989
169	58163624
173	58182730 58182692 58182705
192	58106618
199	58136138
226	58064921 58064972 58064935 58064916 58064976 58064959 58064969
235	58080031 58080122 58080123 58080124 58080125 58080028
247	58128652
267	58189287
268	58045477 58171967
376	58182905
386	58133570
389	57878918

Unimplemented

SP1 Possibly Timed Out
    6	58139288
    8	58168494
    11	58104093 58173977
    22	58106160 58078424 58151910
    23	58085104
    43	58148172 58148192
    71	58138803
