SP2 Parser Failure
4	60094330 60132986 60133039
12	60122166
19	60154871f 60110015f 60154707f 60044919f 60049899f
29	60061775
35	60034726
72	60083228
81	60097379
173	60085058 60085509

Unidentified
2	60114740 60136510 60065231 60155561 60093692 60111262 60034423 60057473 60109583 60138633 60053355 60093165 60103465 60133285 60122256 60150296 60152026 60152036 60152046 60032757 60090757 60109637 60091158 60093628 60114688 60144928 60061079 60067489 60067499 60077999 60093649
3	60130141
4	60106981 60132172 60133292 60136632 60106674 60075055 60154736 60054467 60075547 60132008 60152968 60094189
6	60107050 60107113 60153064 60052347 60101829
8	60073512 60057064 60143224 60067945 60097005 60158275 60044537 60087897 60093747 60030908 60110648 60056989
9	60051390 60116401 60112472 60142092 60158232 60079763 60136273 60057976 60092296 60105118 60116179 60146289
10	60136891 60158223 60133316 60061597 60111458
11	60132323 60129164 60115896 60154256 60130427 60154628 60154658
12	60070010 60132310 60097932 60132283 60089207 60130598
15	60056461 60049918
16	60155712 60112206 60112646
17	60156463 60098905 60097938 60099028 60111039
19	60053511 60118123
20	60056670 60079600 60093650 60107620 60128210 60128500 60063702 60057103 60123173 60078294 60111814 60128334 60116705 60057118 60086288 60138448 60057109 60156659
21	60089427
22	60071950 60093600 60134770 60147180 60128301 60147981 60131572 60072013 60096133 60145673 60052334 60055434 60089814 60116314 60121545 60145025 60043177 60055667 60070277 60118087 60149307 60055708 60145678 60152128 60145519 60146679
23	60091580 60124003 60151943 60105004 60152004 60094605 60062286 60157577 60139758 60077739 60152049
24	60124430 60114774
25	60043112 60046433 60106514 60107397 60054999
26	60144223 60083095 60034269
28	60099150 60115360 60045841 60045871 60064081 60098711 60112511 60123621 60148961 60155791 60045862 60114342 60115682 60123802 60144932 60053973 60068263 60122413 60138443 60083214 60105514 60138184 60043975 60092445 60113195 60123635 60131925 60142025 60146335 60154385 60053436 60123646 60034567 60043097 60059617 60070337 60094767 60131837 60043138 60094248 60129228 60148538
29	60066460 60076950 60078010 60078240 60079780 60089500 60090600 60084791 60086341 60088971 60047502 60082502 60082602 60083362 60108762 60111742 60078143 60078343 60080383 60081033 60083673 60092463 60103613 60083734 60089244 60089374 60089944 60092364 60061845 60070365 60078035 60078325 60078625 60096035 60068606 60077296 60084646 60084766 60091606 60092716 60094156 60095596 60097436 60110656 60052767 60068917 60078227 60078727 60079007 60080607 60091487 60079448 60083878 60089808 60093298 60093308 60042949 60084299 60089829
30	60087237 60074008 60148698
31	60130832 60070804 60091599
32	60146880
35	60057360 60064670 60093930 60100510 60101510 60122810 60133510 60133670 60146020 60154600 60046311 60058441 60071231 60088231 60108741 60122811 60134791 60145011 60149391 60151611 60156691 60157281 60064672 60064682 60080792 60090192 60148982 60156602 60042603 60056863 60058903 60122623 60122813 60132163 60142733 60152163 60045684 60052484 60058424 60064674 60064684 60126484 60149334 60154904 60156614 60043055 60055665 60058845 60062585 60064675 60064685 60065225 60077565 60092355 60114515 60121815 60069476 60126656 60129796 60131256 60047227 60063457 60090167 60031788 60058418 60091508 60093978 60107698 60126488 60145958 60146778 60032159 60033539 60033849 60058899 60082379 60110999 60118849
41	60138757
42	60111420 60083733 60157934 60138706
43	60064971 60098002 60033723 60055023 60113564 60123084 60124354 60088817 60054978 60079539
44	60073831 60073832 60084373 60088605 60148585 60100936 60073839
45	60150200 60129751 60100709
46	60063810 60106301 60073329 60135339
50	60126770
51	60046970 60134161 60073928
52	60067741 60069025 60069035 60069008
57	60046243 60116277 60061279
58	60114218
77	60089862 60114013 60157033 60091164 60084899
139	60060900 60061574
140	60079741
151	60085462
166	60075785 60076367
174	60103864
189	60128626
190	60086149
193	60074073 60074074 60074075 60074076
196	60069231
262	60124232
268	60100773
389	60079998

Unimplemented

SP1 Possibly Timed Out
8	60130304
11	60122634 60131544 60148466
    19	60091241f 60148471f 60063092f 60104322f 60105492f 60060663f 60111423f 60116073f 60082744f 60143524f 60090355f 60071656f 60075976f 60063178f 60061019f
29	60091796
30	60108506 60099778
    31	60058341 60075162 60127232 60065793 60078693 60124983 60069206 60090787 60095167 60098458 60109909
35	60137445
43	60122501
46	60106932
