SP2 Parser Failure
4	56135177
9	56148985
11	56165703
22	56120446
35	56084326

Unidentified
2	56111090
2	56125860
2	56127060
2	56097241
2	56152971
2	56156481
2	56109003
2	56167073
2	56104214
2	56106984
2	56178894
2	56104205
2	56125905
2	56135596
2	56097227
2	56105567
2	56144347
2	56084258
2	56129718
2	56132498
2	56135018
2	56145418
2	56155318
2	56104789
2	56109019
2	56111029
4	56096790
4	56142931
4	56085494
4	56153234
6	56167400
6	56147753
6	56140825
6	56172525
6	56173065
6	56156476
6	56151017
8	56097350
8	56150490
8	56176440
8	56085572
8	56086782
8	56103552
8	56127425
8	56104336
8	56133496
8	56139706
8	56097387
8	56149547
8	56166588
9	56104270
9	56143390
9	56143151
9	56169082
9	56170879
10	56107788
11	56168580
11	56132803
11	56175544
11	56142529
12	56126281
12	56151661
12	56147472
12	56128174
12	56126445
12	56095856
12	56099356
14	56137092
15	56115812
15	56116752
15	56132682
15	56160563
15	56132654
15	56132664
15	56116965
15	56126118
15	56132688
16	56134750
16	56115081
16	56131812
16	56131805
16	56132475
16	56178356
16	56163278
16	56163029
19	56118740
19	56086441
19	56117797
20	56095450
20	56087071
20	56130011
20	56173071
20	56102412
20	56142022
20	56142004
20	56087095
20	56125285
20	56117976
20	56123186
20	56138916
20	56086937
20	56163237
20	56107408
20	56119309
20	56127869
22	56110870
22	56116620
22	56096501
22	56178321
22	56125422
22	56143382
22	56166132
22	56172892
22	56142823
22	56146673
22	56161373
22	56142864
22	56143794
22	56153664
22	56170754
22	56142906
22	56164476
22	56121817
22	56104498
22	56106379
22	56110869
22	56154389
22	56178039
23	56125642
23	56141495
23	56150775
23	56150815
23	56142416
23	56179276
23	56131728
23	56147308
23	56147538
23	56146629
24	56176650
24	56154872
24	56171904
24	56136535
24	56155546
24	56105538
24	56113419
25	56171683
25	56136264
25	56178734
25	56122717
26	56132795
27	56146718
28	56084640
28	56129620
28	56086802
28	56168892
28	56171902
28	56107443
28	56124653
28	56176273
28	56100504
28	56158194
28	56172277
28	56113219
29	56143999
30	56126312
30	56176602
30	56087256
30	56169758
30	56126089
31	56141067
32	56110970
32	56110971
32	56110972
32	56110973
32	56110974
32	56110975
32	56110976
32	56162396
32	56110967
32	56150527
32	56110968
32	56110969
35	56115590
35	56128320
35	56132290
35	56171640
35	56115441
35	56151641
35	56169991
35	56125492
35	56144632
35	56158862
35	56177832
35	56098803
35	56115823
35	56162563
35	56165063
35	56103294
35	56128334
35	56135664
35	56149984
35	56170874
35	56171674
35	56172794
35	56178554
35	56096675
35	56108005
35	56125515
35	56167905
35	56176565
35	56128306
35	56128986
35	56164676
35	56170846
35	56098957
35	56109457
35	56109947
35	56123747
35	56140647
35	56159197
35	56160287
35	56176987
35	56134358
35	56142888
35	56160708
35	56177628
35	56107179
35	56128209
35	56132329
35	56162619
35	56171779
35	56177829
35	56178529
41	56085313
41	56104778
41	56127979
42	56167181
42	56140034
43	56102474
43	56178574
43	56166817
43	56178408
43	56167329
43	56178579
44	56178323
44	56178306
44	56121387
44	56178537
45	56168564
46	56161640
46	56117221
46	56117232
46	56117213
46	56174195
46	56129097
51	56116300
51	56135992
51	56136032
51	56139262
51	56135974
51	56134757
52	56111010
52	56111011
52	56111012
52	56111014
52	56111016
52	56111017
52	56111008
52	56111009
75	56125764
76	56132188
77	56155450
81	56171120
90	56123814
90	56123826
90	56123497
90	56123649
90	56150339
140	56178278
151	56147872
151	56147873
151	56137254
151	56147874
151	56137255
151	56147875
156	56112214
157	56135717
173	56174787
195	56151632
196	56143453
244	56148741
244	56148734
244	56148735
244	56148736
244	56148737
268	56103505
268	56165836
344	56161706
387	56149323
56114427 Image Statement Password	matches	Unidentified	SP1 failed with message Binary file 56114427/out matches

Unimplemented

SP1 Possibly Timed Out
8	56172422
11	56100231
11	56123452
11	56086823
11	56098998
20	56104105
20	56104565
28	56146767
30	56150323
45	56164393
90	56121394
