SP2 Parser Failure
    4	53909869 53909879
    9	53809676 53809717
    17	53873866 53834698
    20	53856076
    22	53810325 53849727 53860918 53816419
    24	53916010 53889511 53889382
    28	53805364
    81	53881510f 53881505f 53881506f
    157	53828393f 53836723f 53836739f
    259	53892007f
    267	53817488f
    385	53886411

Unidentified
2	53907300 53866451 53866522 53900172 53791013 53827663 53830373 53871514 53913924 53862175 53914436 53850378 53862199 53914529
4	53842323 53906029
    6	53823711 53860261 53910841 53852392 53852853 53856344 53914474 53862365 53906155 53911066 53838547 53893867 53838748 53866518 53907488 53801459 53875069
8	53824640 53839670 53833432 53831713 53895673 53903303 53895664 53871798 53895678 53835299
9	53838420 53867221 53902911 53871162 53819864 53837984 53821096 53854846
10	53878241 53799462 53865682 53912184 53847688
11	53872700 53851163 53903703 53851385 53872747 53798579
12	53823333 53872913 53876464
14	53882420 53907405 53858168
15	53811201 53845423 53866744 53866934 53893584 53851985
17	53874412 53886052 53900282 53820773 53820965 53893895 53893866 53802698 53885979 53893889
19	53865430 53881802
20	53856550 53915540 53916020 53829391 53894962 53911492 53875893 53821964 53869844 53820925 53860045 53869455 53867166 53869456 53869846 53877736 53869457 53869847 53881627 53882237 53884077 53913967 53917627 53868868 53869458 53890249
22	53806480 53816030 53834120 53846580 53851070 53851090 53854450 53793631 53812831 53817721 53832641 53913001 53843182 53843612 53879412 53883312 53913172 53812493 53836173 53846563 53885023 53887543 53917293 53803284 53813964 53881674 53793635 53841345 53851106 53886566 53892076 53913346 53793307 53811527 53887017 53906817 53908877 53793628 53793638 53837528 53856038 53872648 53884818 53793319 53850259 53913249
23	53873871 53889131 53840992 53821627
24	53833770 53906150 53906340 53906354 53877197
25	53890973 53799124 53882914 53851615 53841966 53891219
26	53909210
27	53779425
28	53846450 53857970 53879740 53904810 53875611 53886121 53906141 53890382 53872143 53889603 53912203 53833004 53865664 53912744 53859645 53885275 53896255 53909615 53790386 53803036 53883277 53912207 53781828 53853628 53912218 53773729 53832469 53840129 53872119 53905179
29	53837610 53852250 53837601 53877791 53895351 53837602 53837612 53837264 53837604 53837606 53874006 53837267 53837609
30	53792150 53859371 53779342 53850436 53851207
31	53861000
32	53901790 53877936 53764917 53867408
35	53818910 53825760 53837970 53878150 53909950 53819241 53820951 53833541 53847091 53865041 53878141 53889231 53895241 53913481 53803442 53845942 53864542 53868842 53878142 53898362 53914322 53790543 53831883 53837303 53839383 53863683 53865053 53902633 53903823 53914713 53803214 53811124 53836004 53864544 53909094 53810675 53837175 53905865 53814456 53843566 53858416 53899426 53913486 53746157 53782587 53782617 53810597 53850137 53881407 53799698 53835018 53868768 53868878 53873268 53879698 53881248 53891918 53780629 53871329 53874529 53883299 53884099 53916009
41	53900943 53803765 53913389
42	53779442 53829282 53855958
43	53829880 53862740 53901551 53812502 53879362 53812935 53889027
44	53803574
45	53825572 53827794 53794375 53910605
46	53868990 53869001 53884411 53884422 53794454 53884416 53884437 53868978 53884428 53884449
51	53666132 53846632 53885073 53894857 53862248 53799159 53862919
52	53836852 53866337 53866367 53899459
57	53799382 53804233 53799764
59	53901672 53889929
75	53824040 53790722 53825349
79	53892452 53892453 53892414 53892415 53892446 53892418 53892458 53892419 53892459
    140	53823260f 53781664f 53808094f 53835574f 53839764f 53865934f 53898295f 53821976f 53853497f 53712798f 53808318f 53863528f 53892738f 53900038f 53843639ssss
151	53664153
157	53813426
158	53835036
161	53896452
174	53907771
178	53835921 53835931
188	53827956
192	53829331 53834065
195	53870173
268	53817540 53902790 53829079
385	53810920 53864122 53810919

Unimplemented
    46	53838677

SP1 Possibly Timed Out
    6	53830560
    8	53883504 53883989
    11	53855021 53815533
    14	53847135
    15	53903213
    20	53830626
    22	53878951 53837043 53901872
    29	53837271 53837611 53837272 53837263 53837274 53837268 53837269
    30	53861161 53858482 53855204 53871355 53872537 53917348
    43	53870188
    45	53825438
