SP2 Parser Failure

Unimplemented
8	51145753
17	51168866
17	51173314
17	51200986
17	51200993
17	51201005
23	51225981
35	51138756
43	51141971
43	51160043
158	51200292
191	51228050
248	51211508

Unidentified
2	51156936
2	51198598
2	51215391
2	51218090
2	51222299
2	51237008
2	51241176
6	51122632
6	51122669
6	51149508
6	51161239
6	51162313
6	51170769
6	51182348
6	51193713
6	51199339
6	51224676
6	51226886
6	51239920
8	51160560
8	51165935
8	51173207
8	51187788
8	51207219
8	51243638
8	51246363
9	51123323
9	51146551
9	51179162
9	51185559
9	51185872
9	51186837
9	51187585
9	51204619
9	51212891
9	51225042
9	51228798
9	51235148
10	51134267
10	51144019
11	51173667
11	51173840
11	51187650
11	51223634
11	51227077
11	51237636
12	51123053
12	51219660
15	51140514
15	51205133
15	51209175
16	51208490
16	51208509
16	51208544
16	51214456
17	51149493
17	51152009
17	51190119
17	51215995
19	51177622
19	51209507
19	51209519
19	51209536
20	51123068
20	51131379
20	51144254
20	51159760
20	51187079
20	51193853
20	51201068
20	51207277
20	51208920
20	51209027
20	51209142
20	51219957
20	51220166
20	51228141
20	51240185
20	51244852
20	51245367
21	51163523
22	51133751
22	51133754
22	51138417
22	51141842
22	51142787
22	51145797
22	51146043
22	51151223
22	51155659
22	51156045
22	51172699
22	51177637
22	51178164
22	51178177
22	51182051
22	51182560
22	51192189
22	51193630
22	51194702
22	51198891
22	51199182
22	51199191
22	51199197
22	51208504
22	51211377
22	51216587
22	51234271
22	51234285
22	51234298
22	51238444
22	51240672
22	51241611
23	51122917
23	51142033
23	51179584
23	51185707
23	51208816
23	51241436
23	51241490
23	51241707
24	51139655
24	51141895
24	51145529
24	51175236
24	51175846
24	51205295
24	51222980
24	51234867
24	51245711
25	51167492
28	51123661
28	51139688
28	51174270
28	51186090
28	51187771
28	51205156
28	51228561
28	51228567
28	51228575
28	51228589
28	51228595
28	51228601
28	51228657
28	51232562
28	51236055
28	51242623
29	51195508
29	51212364
29	51212418
29	51227252
29	51246609
30	51151106
30	51155395
30	51169794
30	51186278
30	51201989
30	51230635
30	51230662
30	51230911
32	51207621
32	51207626
32	51207652
32	51207664
32	51221411
35	51122187
35	51134865
35	51146815
35	51148860
35	51148871
35	51148887
35	51148917
35	51148941
35	51149258
35	51152125
35	51152303
35	51152475
35	51153980
35	51155447
35	51156200
35	51159858
35	51159861
35	51159865
35	51159868
35	51160703
35	51165962
35	51170029
35	51170786
35	51172910
35	51175415
35	51184102
35	51186641
35	51187358
35	51187838
35	51190035
35	51190363
35	51191186
35	51191682
35	51194786
35	51197087
35	51197114
35	51197121
35	51197191
35	51197840
35	51204541
35	51204731
35	51208654
35	51213132
35	51213287
35	51213788
35	51214131
35	51214458
35	51214793
35	51214799
35	51215164
35	51228651
35	51231579
35	51236458
35	51236841
35	51239343
35	51239784
35	51240053
35	51240229
35	51241491
35	51241542
35	51244112
35	51244217
35	51245753
35	51246141
43	51169572
43	51175216
43	51178052
43	51178071
43	51194475
43	51203102
43	51221419
43	51224417
43	51227066
44	51225356
44	51245973
44	51245997
45	51195751
45	51214470
46	51180918
46	51180924
46	51180933
46	51180935
46	51181033
50	51156553
51	51159724
51	51209751
52	51213253
75	51161545
77	51138398
77	51170778
77	51170793
77	51174567
77	51174596
81	51240831
83	51197559
90	51229033
90	51229088
90	51229090
118	51210102
118	51210231
118	51210485
118	51210515
118	51210527
140	51215378
161	51239111
166	51221735
175	51122281
244	51166471
244	51210983
248	51222579
248	51223463
248	51223941
267	51131931
268	51204531
268	51204970
268	51208158

SP1 Possibly Timed Out
6	51146125
11	51160664
22	51189933
22	51213964
8	51179998
11	51174769
22	51164519
29	51194321
30	51151088
30	51151093
30	51242485
31	51139811
31	51157745
31	51221644
43	51123486
43	51143039
140	50792948
