SP2 Parser Failure
    4	57725163 57618248 57726509
    15	57698990f 57720151f
    17	57703194
    22	57695960
    32	57634046
    43	57624290 57624292 57624289
    170	57680649f
    173	57630243f 57630313f
    302	57676948f

Unidentified
2	57663890 57668880 57683140 57698350 57603811 57732161 57582282 57620852 57592863 57726943 57617024 57623404 57598355 57632275 57730675 57582276 57652036 57689797 57727397 57603248 57619729 57623419 57683499 57704769
4	57735401 57691515
6	57591661 57624761 57733481 57673032 57732152 57708893 57610434 57690305 57720256 57610528 57621538 57581459 57602049
8	57599460 57599980 57679403 57659394 57625945 57674395 57720895 57722285 57688156 57650637 57659397 57659398
9	57686450 57592941 57650401 57672081 57599733 57605353 57686104 57602716 57661997 57692277 57699548
10	57645490 57723810 57578801 57692011 57725524 57685465
11	57591500 57720201 57727071 57725072 57686533 57732423 57709684 57731984 57622165 57638445
12	57628290 57633210 57627391 57728562 57653983 57626547
14	57287361 57695632 57653787
15	57662420 57709424 57664755 57687215 57614989 57687629 57698069
16	57600691 57690201 57668835 57602157
17	57628300 57684222 57733392 57692154 57628305 57726895 57735046 57689229
19	57615770 57735380 57615364 57702348
20	57656350 57681550 57704110 57629871 57634451 57667301 57688071 57548973 57628383 57672093 57616924 57681564 57689984 57698794 57711984 57696725 57656337 57608178 57703128 57735548 57634649 57637649 57651939 57676749 57679129
21	57724860
22	57621050 57635190 57648910 57660340 57673130 57677700 57725790 57621961 57632081 57648911 57652371 57676631 57702081 57730971 57734141 57589752 57623592 57624922 57646232 57648912 57668652 57618803 57648913 57665863 57728753 57608914 57621924 57621954 57677224 57686214 57718944 57639565 57667485 57691245 57702075 57621046 57669006 57732026 57621897 57628797 57635857 57645787 57676587 57680467 57735027 57621948 57648908 57691268 57600289 57621049 57640499 57648909 57723359
23	57673300 57673310 57673320 57673330 57673311 57673321 57673312 57718472 57673304 57673324 57673334 57592565 57673335 57724945 57731225 57623796 57673317 57650758 57673318 57673328 57673319
24	57731882 57601723 57640563 57701423 57716164 57601806 57701419
25	57607261 57598583 57610563 57664523 57730873 57664954 57630785 57647085 57663615 57686505 57701366 57719517 57630038 57631009
26	57625081 57590257 57686799
27	57733605
28	57720811 57681293 57718483 57581704 57590084 57608754 57679574 57610176 57618016 57688176 57708446 57674867 57688187 57589898 57635488 57688188 57731868 57709059
29	57625920 57654670 57602311 57602272 57663562 57599823 57605004 57676716 57685396
30	57666441 57666951 57727563 57605777 57653127
32	57678250 57704780 57676283 57660874 57676335 57610596 57648566 57612187 57662948 57676388 57617459 57676369 57676399 57725849
35	57688960 57699700 57731310 57732740 57735400 57579281 57580051 57677271 57685551 57698381 57724201 57580442 57603712 57613362 57619662 57646302 57666322 57672262 57676042 57686222 57691982 57698382 57699652 57699852 57700342 57702662 57731442 57578883 57579983 57581923 57590223 57606413 57614773 57624823 57706993 57698374 57698384 57709394 57580935 57606415 57666225 57698375 57698385 57709405 57718395 57580046 57613866 57614756 57691996 57698376 57699696 57703716 57608107 57638177 57698377 57699697 57703497 57709407 57719957 57727157 57730697 57594148 57603708 57609478 57656068 57660118 57677298 57698378 57701028 57709408 57721708 57580049 57589909 57590289 57601969 57623389 57625499 57633379 57658139 57676039 57686869 57698379 57699699 57702049 57718239
41	57659481 57638747
42	57602091 57590588
43	57618910 57618920 57606132 57620832 57684622 57732432 57580693 57678004 57689184 57581775 57729195 57729265 57732426 57625978
44	57733366
45	57650640 57717120 57650081 57649973 57716763 57655244
46	57625573 57625583 57590376 57625576 57593948
50	57590211 57580387
51	57628890 57701880 57734166 57612488
52	57726087
75	57590580 57652670 57687011 57652595 57652706 57652618
76	57663018
81	57659461 57730408
108	57369370
111	57626126
140	57641161
151	57667711
152	57597972
166	57607758
170	57582023
173	57719094
175	57597996
196	57631981
222	57619502 57618706
244	57610700 57629351 57629352 57610733 57629353 57610715 57629355 57629356
247	57723009
265	57591351
267	57602887
268	57697292 57730632 57682265 57629636 57629568 57627079
376	57700110
387	57655242

Unimplemented

SP1 Possibly Timed Out
    2	57666927 57612744
    8	57696075
    11	57615842 57627675 57675715 57690025 57631338 57639448
    15	57719239
    30	57663291 57703974
    31	57679820 57679821 57679817 57679818 57679819
32	57630691
43	57604090 57624293
140	57645909
