SP2 Parser Failure
    11	51607421f 51607115f
    17	51544050 51592831 51589075 51592855
    22	51547794
    31	51623350f 51620077f
    43	51561342 51561486 51561147
    50	51601343
    196	51546131
    248	51587635
    259	51587161f

Unidentified
    2	51557450 51618851 51602952 51512593 51582453 51542824 51552904 51619554 51552835 51582475 51582496 51606116 51594527 51625797 51503139
4	51627125
6	51545874 51613769
    8	51558291 51558292 51548843 51593825 51593626 51623709
9	51524574 51628454 51505008
10	51551728
    11	51558040 51578330 51578201 51551422 51583122 51606602 51531643 51539703 51557454 51578006 51578756 51611497 51522768 51542569 51578019 51578339
12	51623000 51626740 51621325
    14	51605390 51481141f 51561151 51579801f 51579802f 51579803f 51605423 51481134f 51605396 51605406 51481127f 51546947 51481168f 51579798 51481149f 51481179f 51605379 51605439
15	51544107
    17	51609572 51545653 51609908 51610109
19	51553216
20	51567910 51606250 51609950 51585721 51585731 51585741 51579875 51628175 51599666 51601126 51503187 51615217
    22	51581580 51599050 51615891 51513162 51543922 51615892 51529513 51590073 51615883 51615893 51528974 51615884 51615894 51537315 51546445 51557425 51581145 51615885 51615895 51528666P 51547536 51570766 51615886 51615896 51550187 51571967 51572337 51615887 51558788 51593918 51596828 51626858 51575059 51627419
23	51619120 51524534
24	51504341 51504985 51551906
    25	51604310 51583951 51579187 51591529
26	51530745
27	51571921
    28	51503060 51564980 51621980 51628760 51581791 51589371 51515454 51540244 51563714 51567175 51502736 51604827 51627197 51516539
30	51553434
    32	51589131 51589132 51589133 51594903 51589134 51573478
    35	51521180 51557710 51577160 51579580 51593540 51605070 51615540 51624070 51542361 51553911 51572101 51615541 51558182 51615542 51557673 51557733 51559703 51578193 51615543 51623133 51557754 51560234 51592964 51607834 51615544 51557695 51559955 51572045 51577855 51615545 51616385 51534226 51577136 51579026 51591856 51591866 51614516 51615546 51620916 51526977 51535477 51557677 51561797 51574867 51577077 51607577 51615547 51525998 51550118 51617808 51526969 51553849 51557739 51568189 51591839 51591849 51593369 51614489 51626769
    42	51605030 51605032 51605033 51605034 51605036 51551827 51551808
    43	51503780 51590832 51528273 51589943 51621843 51626213 51613734 51623704 51620426 51550137 51503729
44	51527397
    45	51579360 51612403 51617816
    46	51567670 51594591 51594554 51594564 51594574 51594604 51541757 51561549
50	51545429
    51	51599631 51616711 51503975 51540669
57	51535072
75	51542441
    7	51573450 51573790 51597650 51571681 51574172 51503366 51503448
81	51576466
83	51614648
95	51574108
144	51627287
152	51538162
158	51542031
159	51542859
163	51606538
179	51597114
192	51524741
196	51625213
    260	51567010 51567009
265	51609668
    268	51618753 51621946P
343	51503657

Unimplemented

SP1 Possibly Timed Out
    21	51530740f 51530800f 51530771f 51575525f 51575605f 51575635f 51530756f 51575557f 51530779f
    22	51585683 51546202
    28	51616347
    30	51555613 51568863 51568854
    35	51550035
    140	51533116
