SP2 Parser Failure
    9	56580196
    17	56560577
    22	56585101 56524796 56568306 56575227
    35	56590521
    139	56588103f 56588126f
    186	56540528f
    349	56518964f
    386	56610474f

Unidentified
2	56617140 56579771 56622721 56507892 56594512 56496563 56554413 56565063 56615573 56533944 56604224 56531955 56610395 56610435 56575527 56597257 56572988
4	56610751
6	56601471 56571963 56511474 56571054 56571776 56619429
8	56509142 56596383 56497194 56542674 56540555 56593935 56628895 56556986 56586457 56497098 56542739
9	56506570 56614210 56538671 56626903 56602756 56497667 56497987
10	56599267
    11	56535910 56586201 56517124 56582124 56601485 56601725 56614225 56556836 56561566 56622806 56622958 56512469 56565629 56622799
12	56529911 56564081 56619074 56530025 56529908 56514739
14	56555654 56575637 56576049
15	56605181 56580854 56520765
16	56558482 56554504 56582797
17	56536380 56583010 56535942 56529919
18	56599884
19	56561511 56633554 56623948
20	56524490 56524950 56590811 56497332 56534162 56550363 56553843 56571363 56580604 56626244 56626414 56627945 56524236 56550546 56496847 56564487 56590717 56626848 56566899 56630519
22	56583380 56632840 56516801 56561471 56610991 56545522 56547442 56508283 56520893 56531863 56568493 56628513 56366114 56545974 56552324 56578154 56497116 56605946 56631106 56513447 56545237 56600217 56535208 56531739 56572569
23	56498292
24	56575240 56558451 56558032 56365133 56575243 56582053 56496559
25	56554021 56541999 56629189
26	56608384
28	56498770 56609060 56553811 56509322 56530852 56574182 56627802 56618353 56509734 56619195 56630655 56594026 56632497 56520168 56569248 56528029
29	56631604
30	56567633 56589538 56589618 56530959 56589499
32	56572140 56572150 56578460 56572141 56578461 56600871 56600991 56572142 56578462 56572143 56578463 56565704 56572144 56578464 56600974 56578465 56620865 56572146 56578466 56582276 56572147 56578457 56578467 56620857 56572148 56578458 56578468 56572139 56572149 56578459
35	56496650 56519000 56527700 56568580 56568620 56573030 56579430 56628210 56516051 56527241 56527701 56565801 56586211 56618591 56621181 56628421 56506572 56555672 56572972 56583942 56588162 56413913 56506493 56581483 56583963 56589023 56630563 56633473 56517854 56575664 56593624 56624774 56551955 56559175 56570545 56575915 56591515 56617865 56618625 56627955 56507926 56509166 56551936 56560856 56565636 56566056 56613386 56627316 56632216 56634076 56508447 56551947 56556827 56559067 56579477 56631577 56517828 56527288 56527298 56527698 56566548 56604368 56608068 56608798 56517829 56518999 56526029 56527709 56551969 56551979 56564649 56565449 56569149 56573499 56575839 56611029
41	56581410 56614614
42	56577302
    43	56532951 56604721 56633392 56528993 56632283 56497594 56552864 56580077 56632637 56633067 56604719
44	56533097
45	56570745 56570746 56580457 56633947
46	56573160 56592341 56604801 56598443 56632745 56513047 56547699
51	56577902 56629423 56629055 56577918
52	56536480
57	56498318
76	56526647
77	56582587 56629989
81	56586303 56626085 56627557
90	56578091 56578092
140	56551770
144	56549624
152	56553119
158	56606953 56577469
175	56523765
188	56618852
192	56534160 56607055 56534097
227	56590050
247	56598283
258	56579177 56579168
267	56604546
268	56342570 56606500 56574824 56566946 56565578 56620998 56595499
302	56603100 56588232
344	56550609
375	56402564
385	56568792 56568798

Unimplemented

SP1 Possibly Timed Out
    6	56618331
    8	56593202
    11	56593720 56552272 56600822 56624682 56582903 56514915 56549756 56622289
    20	56585439 56553609
    22	56532029
    30	56589623 56600399
    31	56520314
    32	56572145
    35	56608187
    46	56605298
    140	56572785
