SP2 Parser Failure
4	60268335 60268376 60234297
9	60297665
15	60351080 60379680 60353266 60325668 60328668
17	60377901 60354184 60377576
19	60260283 60331963
22	60336881 60263654
26	60300065
29	60273417
50	60332024 60337956
72	60365584
    77	60288523 60288146 60288307 60288397
140	60314758

Unidentified
    2	60281740 60376880 60264821 60330171 60375701 60392491 60261262 60313462 60322732 60375962 60357153 60232964 60253244 60375485 60288886 60330796 60372516 60364007 60372937 60392578 60285669 60379659
3	60338205 60356337
4	60352160 60309091 60337041 60235312 60268942 60291952 60311582 60377502 60310333 60336314 60391157 60279408 60337488 60291619 60315939 60323819 60363969
6	60294680 60312281 60323501 60387541 60289022 60352593 60384434 60361685 60384165 60351806 60324329
8	60250920 60006151 60343381 60275872 60350602 60378322 60274223 60355783 60235294 60322394 60343124 60343364 60387454 60314065 60351815 60318366 60338517 60349327 60372767 60303368 60343409
    9	60236300 60257770 60385290 60289751 60381061 60269693 60339833 60362903 60276254 60303205 60270286 60317586 60336506 60259237 60280587 60234498 60299378 60277299
10	60332781 60357041 60285392 60285153 60306107 60307677
11	60246750 60390062 60331756 60356708
12	60284900 60268271 60282212 60284812 60285052 60387232 60285133 60270195 60330396 60345177 60285238 60284989 60387249
    14	60318671F 60384922F 60318653F 60307684F 60309176F 60318687F
    15	60299991F 60335641F 60306022F 60330072F 60333372F 60350752F 60254443F 60380223F 60306984F 60320844F 60322984F 60380164F 60351086F 60294897F 60299887F 60335137F
16	60273473 60268827 60345277
17	60390088
20	60378610 60252401 60358831 60263732 60349042 60384872 60308494 60346984 60261115 60364605 60393275 60256566 60346476 60308277 60308508 60333968 60346678 60244839 60348999 60381869
22	60322180 60336710 60388890 60389870 60274191 60287631 60381011 60247832 60374982 60236113 60236453 60353243 60359313 60308694 60381004 60247005 60275475 60294095 60304915 60342445 60362385 60381025 60389045 60390046 60236118 60247838 60307588 60318908 60356648 60389998 60233689 60244689 60271369 60283889 60391429
23	60303712 60352993 60292866 60304918 60351788 60336019
24	60330961 60322132 60324972 60233543 60293954 60382386 60260699
25	60245181
26	60363231 60263796 60358928 60363009
28	60276870 60301390 60345240 60362610 60252481 60254432 60344412 60362662 60385922 60273453 60325583 60387313 60305434 60333164 60345604 60244585 60358595 60250826 60379326 60383756 60388166 60288828 60362878 60263349 60288879
29	60292681 60274993 60372503 60119804 60293464 60265035 60328595 60273996 60311396 60267647 60310187 60356667 60261298 60266679 60278169 60303399
30	60273260 60288240 60244623 60365353 60389514 60364647 60308689
31	60317581 60267745 60305239
32	60269270 60382620 60305653 60311903 60317053 60305635 60262187 60311917 60386097 60305588 60269279
35	60361120 60377960 60383570 60278031 60287551 60321241 60321431 60233442 60273442 60286502 60308882 60323752 60374432 60375542 60264263 60279963 60334763 60351053 60365583 60259344 60319904 60356114 60375774 60336515 60336785 60374045 60384975 60235616 60276116 60286536 60320476 60264207 60321837 60346027 60374757 60256868 60270778 60356128 60364728 60386888 60388098 60392898 60268879 60270779 60279509 60326339
41	60244223 60292563 60291838 60376318
42	60284450 60298370 60337870 60284451 60284452 60284454 60284455 60284456 60337826 60284457 60339167 60284458 60337848
43	60246382 60293582 60305322 60306972 60386562 60334673 60233296 60263387 60285548 60368788 60389079
44	60375580 60339081 60327912 60368252 60339115 60325746 60339127 60260448 60274689
45	60324141 60339123 60254494 60304746 60388216 60305149
46	60287561 60358101 60358121 60358143 60306644 60358114 60371344 60371354 60371336 60390187 60287549 60363369 60363409 60368269
50	60303724
51	60326600 60355822 60379825 60354588 60253969 60355829
52	60391352 60258656
57	60256990 60306630 60306622 60256986 60256997 60342219
58	60114218
72	60284642
77	60356723 60301817
81	60391836
90	60274130
156	60271181
178	60390545 60376646 60390726
181	60319251
194	60368392 60365644
195	60293938 60293939
196	60332440
197	60386264
226	60354752 60354762 60374878 60354759
    268	60257860j 60347811j 60305582j 60331514f 60281575j 60332606j 60305147j 60311209j
324	60273587 60273409
    341	60352230F 60352235F 60352226F 60352236F 60352237F
387	60351511
998	60331161

Unimplemented

SP1 Possibly Timed Out
2	60352535
8	60302735
11	60309298
15	60291113 60339866
    19	60269410f 60269421f 60269403f 60269385f 60269406f 60264949f
20	60326625 60330700
21	60261971 60261973
22	60274490 60352192 60301083 60305446 60303867
28	60336246
29	60263458
30	60233155 60276867 60233409 60389599
    31	60270190 60305510 60392360 60283951 60285891 60297931 60286542 60305804 60325104 60285788 60392328 60285879 60295189 60341829
32	60311945 60313417
35	60298031
43	60322747
44	60377991 60279322
45	60281323
90	60264811
