SP2 Parser Failure
4	55474872
9	55393118
11	55441111
17	55407092
17	55407403
17	55407124
17	55484864
17	55407447
17	55407188
43	55452562
43	55447328
140	55463008
140	55463009
254	55434612

Unidentified
2	55411880
2	55492150
2	55498360
2	55395851
2	55341622
2	55449032
2	55455082
2	55341413
2	55412303
2	55443764
2	55490454
2	55467536
2	55412817
2	55415697
2	55443748
2	55443788
4	55435216
4	55416647
6	55480771
6	55435192
6	55445814
6	55446104
6	55397626
8	55440200
8	55416421
8	55407493
8	55432534
8	55475535
8	55454186
8	55458396
8	55485416
8	55500766
8	55475517
8	55442819
9	55429970
9	55419225
9	55445195
9	55495465
9	55463206
9	55419047
10	55451190
10	55420731
10	55481761
10	55498124
10	55473365
10	55501225
10	55451348
10	55425419
11	55465831
11	55483092
11	55424624
11	55442605
11	55460915
11	55406387
11	55434668
12	55393440
12	55406651
12	55429291
12	55449665
12	55393906
12	55393957
12	55449849
15	55448300
15	55476590
15	55398293
15	55478725
15	55338486
16	55501744
17	55485092
19	55490748
20	55451230
20	55453100
20	55425361
20	55473431
20	55197023
20	55468153
20	55498384
20	55197085
20	55453115
20	55467755
20	55471936
20	55412677
20	55440577
20	55474717
20	55488228
20	55196959
20	55498389
22	55334530
22	55432030
22	55445160
22	55420491
22	55420951
22	55438101
22	55449561
22	55480811
22	55392072
22	55420952
22	55442192
22	55447252
22	55464472
22	55477692
22	55420513
22	55428613
22	55442853
22	55478354
22	55437755
22	55442585
22	55443185
22	55451045
22	55476565
22	55478355
22	55395046
22	55415906
22	55437986
22	55447176
22	55463266
22	55478356
22	55392417
22	55420857
22	55447047
22	55447147
22	55478357
22	55501337
22	55397128
22	55422918
22	55447168
22	55478358
22	55402259
22	55410429
23	55491940
23	55462191
23	55410822
23	55462502
23	55393156
23	55491926
23	55440798
24	55499523
24	55342914
24	55343465
25	55463440
25	55492344
25	55502804
25	55425846
26	55499721
26	55500106
26	55468147
28	55410370
28	55436980
28	55443200
28	55399971
28	55473011
28	55474531
28	55476531
28	55392752
28	55393142
28	55402952
28	55411562
28	55460792
28	55457113
28	55475123
28	55434665
28	55399966
28	55481556
28	55496646
28	55435027
28	55496757
28	55501307
28	55432018
28	55497688
29	55430370
29	55483768
30	55424811
30	55424772
30	55489292
30	55432383
30	55409058
32	55437390
32	55432542
32	55467192
32	55432543
32	55414164
32	55432544
32	55432545
32	55432546
32	55432548
35	55408220
35	55434620
35	55437440
35	55437710
35	55463100
35	55467090
35	55487840
35	55406671
35	55406921
35	55408221
35	55415801
35	55434621
35	55451811
35	55459791
35	55408222
35	55415802
35	55426232
35	55428212
35	55436412
35	55437462
35	55448442
35	55407553
35	55408223
35	55451843
35	55451863
35	55454143
35	55459793
35	55459853
35	55459993
35	55412314
35	55412564
35	55422774
35	55437434
35	55437644
35	55454914
35	55459794
35	55460304
35	55471354
35	55494134
35	55398355
35	55398365
35	55437195
35	55437445
35	55451905
35	55460395
35	55483575
35	55394346
35	55396106
35	55434526
35	55496826
35	55498026
35	55499456
35	55409117
35	55430817
35	55434617
35	55436417
35	55437207
35	55437267
35	55460347
35	55468327
35	55483657
35	55489867
35	55392588
35	55398778
35	55408218
35	55410808
35	55465678
35	55482058
35	55493408
35	55499718
35	55392129
35	55407289
35	55408219
35	55421009
35	55434619
35	55436429
35	55436439
35	55437309
35	55446579
35	55483269
35	55483369
41	55444070
42	55448094
42	55465405
42	55493147
43	55458171
43	55485252
43	55450333
43	55393565
44	55428832
45	55502040
45	55448608
46	55485294
50	55473401
50	55411543
50	55500063
51	55479431
51	55496985
51	55468428
52	55467388
72	55393121
72	55493846
72	55403467
77	55431731
77	55401936
77	55469026
77	55424827
77	55453437
81	55486063
116	55440520
116	55440273
116	55440684
116	55440445
116	55440628
116	55440778
116	55440579
116	55440729
140	55460178
173	55398902
173	55430036
173	55398899
175	55492736
189	55471539
192	55457125
196	55497916
227	55413543
244	55395602
244	55395603
252	55497426
267	55455713
268	55412801
268	55413546
268	55427098
268	55193249
268	55193669
268	55433389

Unimplemented

SP1 Possibly Timed Out
8	55402272
10	55410418
11	55466845
14	55459090
14	55459086
14	55459087
14	55459088
14	55459089
20	55444389
20	55444271
21	55480981
21	55480980
21	55480982
21	55480984
21	55480979
29	55467465
29	55467439
30	55416070
30	55416071
30	55416072
30	55416073
30	55416074
30	55416075
30	55416077
30	55433718
51	55499271
51	55498863
51	55498977
