SP2 Parser Failure
14	57551311
14	57552071
15	57566783
15	57566837
17	57531052
17	57494604
17	57531055
17	57531056
22	57527160
22	57516445
22	57457796
23	57480352
35	57531486
42	57433810
42	57501491
42	57513351
42	57485472
42	57443004
42	57424875
42	57461556
42	57525717
42	57549137
42	57568437
42	57564589
43	57456942
43	57456943
43	57456945
43	57468185
173	57534440
173	57534438
173	57537328
196	57518296
251	57563788
302	57470207

Unidentified
2	57540530
2	57471322
2	57489172
2	57567782
2	57465053
2	57468234
2	57509864
2	57562524
2	57511725
2	57512785
2	57525795
2	57458496
2	57511116
2	57433987
2	57534647
2	57568647
2	57457648
2	57578628
2	57578638
2	57551839
3	57516914
4	57510380
4	57444063
4	57469623
4	57441838
5	57513714
6	57460450
6	57486101
6	57460462
6	57572682
6	57489973
6	57571724
6	57571735
6	57445696
6	57443698
6	57571728
8	57549200
8	57443211
8	57446103
8	57465234
8	57445195
8	57561797
8	57468348
8	57577918
8	57435999
8	57549479
9	57462591
9	57528143
9	57563688
9	57575119
10	57424380
10	57472140
10	57472121
10	57472222
10	57472232
10	57472164
10	57506965
10	57511115
10	57539186
10	57472207
10	57510949
11	57578390
11	57458812
11	57480082
11	57508152
11	57554543
11	57542495
11	57509416
11	57494027
11	57508268
12	57481846
12	57542456
12	57425018
12	57489848
14	57287361
14	57287397
14	57541437
15	57558831
15	57500242
15	57504733
15	57567227
15	57577479
16	57453390
16	57465431
16	57453472
16	57558782
16	57575762
16	57466944
16	57423806
17	57496564
17	57442665
17	57566226
17	57480768
17	57480729
17	57480739
17	57480779
18	57569196
19	57548002
19	57480126
20	57571390
20	57441301
20	57451531
20	57474491
20	57506381
20	57532051
20	57571971
20	57573701
20	57229492
20	57506393
20	57548973
20	57476964
20	57506794
20	57567014
20	57554525
20	57521966
20	57535336
20	57540456
20	57562606
20	57512457
20	57547107
20	57506358
20	57482729
20	57506369
20	57531819
20	57552939
20	57562409
21	57471234
21	57484417
22	57504310
22	57530700
22	57569390
22	57469291
22	57490221
22	57530701
22	57533551
22	57558251
22	57574811
22	57577341
22	57447902
22	57452442
22	57478272
22	57503012
22	57510492
22	57512102
22	57447203
22	57447903
22	57458823
22	57488823
22	57545873
22	57559463
22	57564823
22	57576003
22	57457804
22	57511844
22	57530694
22	57530704
22	57556624
22	57558794
22	57454135
22	57456215
22	57478335
22	57517635
22	57530695
22	57534335
22	57534605
22	57545935
22	57574805
22	57476286
22	57514916
22	57522026
22	57530696
22	57573616
22	57464317
22	57488787
22	57499977
22	57530697
22	57434938
22	57530698
22	57447199
22	57447899
22	57476479
22	57500169
22	57502309
22	57515099
22	57530699
22	57552199
22	57552209
23	57498801
23	57543441
23	57424093
23	57434265
23	57480025
23	57537526
23	57564226
23	57531608
23	57567588
24	57517600
24	57573010
24	57464745
24	57517427
25	57425523
25	57452394
25	57440796
26	57469641
26	57445093
26	57423198
27	57561244
27	57563625
28	57490270
28	57491160
28	57546100
28	57423111
28	57424292
28	57507752
28	57569332
28	57476533
28	57425544
28	57425804
28	57458744
28	57492014
28	57546554
28	57550124
28	57443655
28	57456075
28	57482545
28	57566525
28	57433247
28	57474277
28	57497087
28	57497097
28	57568677
28	57547508
28	57490089
29	57558850
29	57566599
30	57481152
30	57571706
30	57443979
31	57482764
32	57457970
32	57457961
32	57454133
32	57455044
32	57458424
32	57576735
32	57063846
32	57497208
32	57458429
35	57433420
35	57471250
35	57494300
35	57525140
35	57528070
35	57528190
35	57540890
35	57540960
35	57550140
35	57434701
35	57461241
35	57466011
35	57491351
35	57511481
35	57518391
35	57528191
35	57530161
35	57540461
35	57540891
35	57546831
35	57434252
35	57445772
35	57466012
35	57528502
35	57528532
35	57531632
35	57540462
35	57540892
35	57540962
35	57541122
35	57435683
35	57435943
35	57437973
35	57444913
35	57458513
35	57466013
35	57472993
35	57506753
35	57524993
35	57528063
35	57528193
35	57540463
35	57541123
35	57545673
35	57550103
35	57571393
35	57423124
35	57435934
35	57446824
35	57459854
35	57466014
35	57472894
35	57473514
35	57540464
35	57569874
35	57441625
35	57466015
35	57474845
35	57500235
35	57510915
35	57511005
35	57540465
35	57560545
35	57568715
35	57446616
35	57466016
35	57469726
35	57471556
35	57474856
35	57474866
35	57488846
35	57500246
35	57500266
35	57510916
35	57517376
35	57541036
35	57541376
35	57571286
35	57445117
35	57456087
35	57480627
35	57500257
35	57528487
35	57528497
35	57528527
35	57558777
35	57560107
35	57568347
35	57435938
35	57441348
35	57492088
35	57500288
35	57502798
35	57528068
35	57528488
35	57535378
35	57540888
35	57541038
35	57543948
35	57568398
35	57503629
35	57526639
35	57528069
35	57535099
35	57540889
35	57540959
35	57551459
35	57560519
41	57483587
41	57439918
41	57424199
42	57449061
42	57543411
42	57440725
42	57448915
42	57522045
42	57423346
43	57498381
43	57484242
43	57576643
43	57499994
43	57569754
43	57474217
43	57529619
44	57455342
44	57566542
44	57450275
44	57504865
44	57576647
45	57479041
45	57504919
46	57424721
46	57488553
46	57552547
49	57552700
49	57552770
49	57552870
49	57552693
49	57552723
49	57552646
49	57552736
49	57552677
49	57552908
49	57552459
50	57476521
50	57518691
50	57445304
51	57501690
51	57440115
51	57565968
52	57570261
52	57535692
57	57481983
57	57506689
75	57458317
77	57576864
77	57433478
107	57221825
108	57369370
140	57433163
140	57574214
140	57433158
151	57511301
151	57494087
152	57535065
152	57481336
156	57424793
156	57424798
159	57550009
161	57538082
174	57497022
175	57577611
247	57447040
247	57447440
247	57447023
247	57447445
247	57447056
267	57512157
268	57454552
268	57489884
268	57530294
268	57454719
324	57556832
376	57525313

Unimplemented

SP1 Possibly Timed Out
6	57519532
11	57562062
11	57495713
11	57562288
11	57496609
14	57509654
14	57509655
14	57509656
14	57509657
14	57509658
15	57460094
15	57558825
20	57452720
20	57452711
20	57452712
20	57452722
20	57452727
20	57452719
22	57461065
22	57507346
22	57517163
22	57514849
24	57508437
30	57512662
30	57574266
30	57578439
31	57512784
35	57456629
35	57461272
35	57461273
35	57461274
35	57461275
35	57461276
35	57461277
43	57456946
43	57485458
44	57445122
52	57486571
52	57486604
52	57486625
52	57486616
