SP2 Parser Failure
4	53579742
11	53534737
11	53536587
17	53544735
20	53527912
20	53527928
22	53547620
35	53623346
46	53599239
139	53626312
189	53620898
263	53104649
265	53585831
265	53585841
265	53585901
265	53585862
265	53585913
265	53585855
265	53585817
265	53585879

Unidentified
2	53631380
2	53504702
2	53603783
2	53571354
2	53625136
2	53579627
2	53583318
2	53506439
2	53616009
2	53616019
3	53521739
4	53526541
4	53592081
6	53544211
6	53546451
6	53520342
6	53598182
6	53544268
8	53614220
8	53630650
8	53505751
8	53515651
8	53579401
8	53527532
8	53614233
8	53579055
8	53596625
8	53614245
8	53614365
8	53586956
8	53613197
8	53555448
8	53515619
9	53512290
9	53566100
9	53627730
9	53586372
9	53609583
9	53539086
9	53585678
10	53574542
10	53590253
10	53590284
10	53545855
10	53632075
10	53574518
10	53574568
10	53590278
10	53574849
11	53566921
11	53583391
11	53632791
11	53497173
11	53549584
11	53562924
11	53627304
11	53508175
11	53545838
11	53546018
11	53603868
12	53526970
12	53560661
12	53607659
14	53497290
14	53579412
14	53398464
14	53535554
14	53607575
14	53579426
14	53579439
15	53532210
15	53532211
15	53532212
15	53604262
15	53631052
15	53532213
15	53604226
15	53532208
15	53532209
17	53518780
17	53543580
17	53553060
17	53520291
17	53574642
17	53543847
19	53623762
19	53382154
19	53630037
19	53622459
20	53543750
20	53586781
20	53552742
20	53583192
20	53598442
20	53606213
20	53611743
20	53627143
20	53559234
20	53569704
20	53586684
20	53516855
20	53552975
20	53611765
20	53590556
20	53576917
20	53611717
20	53569738
20	53607418
20	53617048
21	53575019
22	53552830
22	53573180
22	53576140
22	53623910
22	53497671
22	53508011
22	53539881
22	53546661
22	53558421
22	53605401
22	53497632
22	53546652
22	53555112
22	53570872
22	53574022
22	53626792
22	53589333
22	53497734
22	53564344
22	53589314
22	53589324
22	53535405
22	53553875
22	53559035
22	53622115
22	53589286
22	53624076
22	53627906
22	53629756
22	53549977
22	53618317
22	53629777
22	53527608
22	53578028
22	53589358
22	53597148
22	53624248
22	53556529
22	53560739
22	53623979
23	53562601
23	53594201
23	53562432
23	53562552
23	53562572
23	53514183
23	53562584
23	53562526
23	53562437
23	53562467
23	53562507
23	53594189
24	53511670
24	53577290
24	53577300
24	53577320
24	53515191
24	53577291
24	53577301
24	53577331
24	53582581
24	53582591
24	53515202
24	53577282
24	53577302
24	53577322
24	53582582
24	53515193
24	53515203
24	53577333
24	53577343
24	53515184
24	53577284
24	53577314
24	53577324
24	53577334
24	53577285
24	53577305
24	53577335
24	53497146
24	53577316
24	53577326
24	53582576
24	53591126
24	53577317
24	53577327
24	53582587
24	53577288
24	53577298
24	53577338
24	53585968
24	53577279
24	53577339
24	53591129
25	53568019
26	53620053
26	53614778
26	53620358
26	53620089
28	53545540
28	53602460
28	53629980
28	53542391
28	53556711
28	53596301
28	53630111
28	53592652
28	53600642
28	53383123
28	53505063
28	53551563
28	53579013
28	53591343
28	53619433
28	53632864
28	53519725
28	53558815
28	53570107
28	53621917
28	53595308
28	53556409
28	53614639
29	53560500
29	53631360
29	53623414
29	53631354
29	53582436
29	53631367
29	53541149
29	53560479
30	53634032
30	53634338
32	53597590
32	53597610
32	53631850
32	53568101
32	53597591
32	53631851
32	53539722
32	53567892
32	53597582
32	53539693
32	53597583
32	53568114
32	53597585
32	53567876
32	53606267
32	53597589
35	53527600
35	53528620
35	53533100
35	53541430
35	53570950
35	53571270
35	53579050
35	53579190
35	53631700
35	53634330
35	53506821
35	53518501
35	53532171
35	53532541
35	53551211
35	53564751
35	53564761
35	53600771
35	53606531
35	53627021
35	53631701
35	53508882
35	53532162
35	53533092
35	53533262
35	53541182
35	53551212
35	53572942
35	53572952
35	53601202
35	53621252
35	53532143
35	53532883
35	53533693
35	53551213
35	53614753
35	53630013
35	53505994
35	53518494
35	53542514
35	53543904
35	53551214
35	53560324
35	53595694
35	53601204
35	53633974
35	53518495
35	53532555
35	53533255
35	53541755
35	53551215
35	53551635
35	53579105
35	53593075
35	53510406
35	53517256
35	53530726
35	53541766
35	53551216
35	53554886
35	53605366
35	53518497
35	53533707
35	53541007
35	53541027
35	53541327
35	53549387
35	53566337
35	53583767
35	53591447
35	53601767
35	53606517
35	53619547
35	53511578
35	53564738
35	53568658
35	53568678
35	53586898
35	53600938
35	53623748
35	53496999
35	53518499
35	53554499
35	53579969
35	53601139
35	53601209
35	53601759
41	53515041
41	53553821
41	53621632
41	53546793
41	53625065
41	53518836
41	53518737
41	53581797
42	53632690
43	53589181
43	53624391
43	53586042
43	53623682
43	53598653
43	53598864
43	53598914
43	53599124
43	53586825
43	53599066
43	53630318
44	53533518
51	53508682
51	53633952
51	53629033
52	53597750
52	53616600
52	53597743
52	53597744
52	53597926
52	53597728
52	53597748
52	53598178
56	53331242
57	53616904
57	53497137
72	53604664
75	53596656
75	53527567
77	53604190
77	53604200
77	53604191
77	53604192
77	53582533
77	53604193
77	53604194
77	53604195
77	53604196
77	53604197
77	53604198
77	53581579
77	53604189
77	53604199
81	53592056
111	53582796
115	53514535
115	53514537
139	53375498
140	53527481
140	53535771
140	53618971
140	53633981
140	53541452
140	53590402
140	53551913
140	53553773
140	53634123
140	53551914
140	53574394
140	53536825
140	53557625
140	53497246
140	53546476
140	53537607
140	53603437
140	53613087
140	53574718
140	53593098
140	53615768
140	53631378
140	53552189
140	53553799
140	53564759
140	53579779
151	53553369
175	53534195
192	53543724
195	53609735
195	53546066
195	53539777
195	53537239
268	53582341
268	53582342
268	53594575
268	53606286
268	53625666
268	53527377
268	53530219
268	53601359

Unimplemented

SP1 Possibly Timed Out
2	53528644
6	53540472
6	53441544
11	53575364
14	53605785
22	53567065
28	53497167
31	53529223
32	53584141
35	53602807
43	53575055
43	53586077
