SP2 Parser Failure

Unimplemented
8	51145753
17	51168866 51173314 51200986 51200993 51201005
23	51225981
35	51138756
43	51141971 51160043
158	51200292
191	51228050
248	51211508

Unidentified
2	51156936 51198598 51215391 51218090 51222299 51237008 51241176
6	51122632 51122669 51149508 51161239 51162313 51170769 51182348 51193713 51199339 51224676 51226886 51239920
8	51160560 51165935 51173207 51187788 51207219 51243638 51246363
9	51123323 51146551 51179162 51185559 51185872 51186837 51187585 51204619 51212891 51225042 51228798 51235148
10	51134267 51144019
11	51173667 51173840 51187650 51223634 51227077 51237636
12	51123053 51219660
15	51140514 51205133 51209175
16	51208490 51208509 51208544 51214456
17	51149493 51152009 51190119 51215995
19	51177622 51209507 51209519 51209536
20	51123068 51131379 51144254 51159760 51187079 51193853 51201068 51207277 51208920 51209027 51209142 51219957 51220166 51228141 51240185 51244852 51245367
21	51163523
22	51133751 51133754 51138417 51141842 51142787 51145797 51146043 51151223 51155659 51156045 51172699 51177637 51178164 51178177 51182051 51182560 51192189 51193630 51194702 51198891 51199182 51199191 51199197 51208504 51211377 51216587 51234271 51234285 51234298 51238444 51240672 51241611
23	51122917 51142033 51179584 51185707 51208816 51241436 51241490 51241707
24	51139655 51141895 51145529 51175236 51175846 51205295 51222980 51234867 51245711
25	51167492
28	51123661 51139688 51174270 51186090 51187771 51205156 51228561 51228567 51228575 51228589 51228595 51228601 51228657 51232562 51236055 51242623
29	51195508 51212364 51212418 51227252 51246609
30	51151106 51155395 51169794 51186278 51201989 51230635 51230662 51230911
32	51207621 51207626 51207652 51207664 51221411
35	51122187 51134865 51146815 51148860 51148871 51148887 51148917 51148941 51149258 51152125 51152303 51152475 51153980 51155447 51156200 51159858 51159861 51159865 51159868 51160703 51165962 51170029 51170786 51172910 51175415 51184102 51186641 51187358 51187838 51190035 51190363 51191186 51191682 51194786 51197087 51197114 51197121 51197191 51197840 51204541 51204731 51208654 51213132 51213287 51213788 51214131 51214458 51214793 51214799 51215164 51228651 51231579 51236458 51236841 51239343 51239784 51240053 51240229 51241491 51241542 51244112 51244217 51245753 51246141
43	51169572 51175216 51178052 51178071 51194475 51203102 51221419 51224417 51227066
44	51225356 51245973 51245997
45	51195751 51214470
46	51180918 51180924 51180933 51180935 51181033
50	51156553
51	51159724 51209751
52	51213253
75	51161545
77	51138398 51170778 51170793 51174567 51174596
81	51240831
83	51197559
90	51229033 51229088 51229090
118	51210102 51210231 51210485 51210515 51210527
140	51215378
161	51239111
166	51221735
175	51122281
244	51166471 51210983
248	51222579 51223463 51223941
267	51131931
268	51204531 51204970 51208158

SP1 Possibly Timed Out
6	51146125
11	51160664
22	51189933 51213964
8	51179998
11	51174769
22	51164519
29	51194321
30	51151088 51151093 51242485
31	51139811 51157745 51221644
43	51123486 51143039
140	50792948
