SP2 Parser Failure
    4	57394648
    9	57386641
    22	57390580
    42	57418084f 57412767f 57419308f 57400859f 57403729f

Unidentified
2	57356840 57381690 57389460 57386731 57400171 57383482 57375593 57374034 57396464 57412995 57368536 57396636 57418236 57383267 57388977 57393547 57393619 57393809 57406779 57410619
3	57366325
6	57392571 57377483 57387393 57377474 57356846 57405706 57415847 57392428 57414878
8	57374180 57371721 57422292 57357554 57376074 57385715 57400105 57385516 57396976 57397656 57356797 57407917 57396219
9	57385832 57399814 57381785 57398366 57383677 57410428
10	57366134 57373578
    11	57382940 57389060 57389080 57379131 57379512 57398952 57420962 57389073 57378774 57389084 57410474 57420694 57389067 57395728 57412018 57379009
12	57411175 57395918
14	57385181 57421494
15	57395912 57391888
16	57408856
17	57393875 57375539 57393879
19	57404265
20	57397130 57389602 57394702 57390615 57395675 57391266 57400956 57416086 57416766 57357437 57397318
21	57400984
22	57366030 57395880 57404860 57417590 57372661 57373461 57370762 57373514 57406154 57387575 57391855 57380047 57387567 57399037 57387578 57379329 57418169
23	57355610 57390876
24	57381199
25	57366060 57397532 57394305 57402248
26	57405635 57408755 57420049
27	57396722 57383405
28	57409530 57389131 57403821 57371192 57396292 57396702 57387723 57397953 57398053 57399663 57410213 57371224 57391014 57417884 57419814 57370155 57410235 57373526 57380916 57396696 57421456 57366627 57380618 57416209 57416559
29	57418375 57411336
30	57419380 57379331 57379174 57379244 57417915 57381616 57417229
35	57382570 57385090 57388880 57389940 57406010 57415280 57415960 57421070 57366111 57388881 57406681 57411121 57415371 57387452 57388882 57404532 57398493 57406663 57406673 57415444 57417254 57356085 57393765 57398465 57402135 57418715 57393116 57401576 57406166 57406186 57422326 57367557 57388877 57395107 57401707 57403547 57406007 57417487 57388878 57399918 57401378 57404438 57404528 57410408 57411588 57387629 57388879 57389819 57406659 57421929
41	57421947 57398798
42	57355602 57393222 57386357
43	57381700 57404504 57389596 57396676 57381548 57404388
44	57398243
    45	57406490 57354591 57374791 57354622 57406484 57421605 57377867 57354078 57395448 57375139
46	57398500 57414342 57384356
50	57355437
51	57369401 57378077 57391278
57	57383778
72	57392482
108	57369370
111	57366622
140	57391650 57414803 57391645 57398879
156	57356984 57377345
159	57373550
161	57366341
268	57374014 57368698

Unimplemented

SP1 Possibly Timed Out
    11	57370612
    22	57399202
    30	57408852 57385944 57382495 57395339
    31	57389873
    43	57356804
    44	57411651
