SP2 Parser Failure
    4	58665596
15	58707607
    17	58669026
21	58716333
22	58699386
    41	58683653
    50	58648377
81	58666718
    168	58720184f 58720155f
    254	58623846
    265	58648832 58648842 58648855
    343	58733817f
    389	58681681f

Unidentified
2	58649910 58704970 58647801 58701111 58733591 58709462 58712402 58702983 58737883 58647804 58682114 58638985 58662175 58683105 58704985 58742435 58625407 58660237 58702967 58740357 58658319 58710669
3	58659332
4	58650460 58689592 58740924 58734416 58714428 58650059
6	58741501 58715323 58628166 58636916 58689626 58675167 58696378 58715908 58663999 58730619
8	58691560 58730260 58696702 58704203 58730293 58664044 58708844 58742764 58692435 58676656 58691316 58735716 58743687 58696088 58735958 58618439 58679559
9	58606840 58683510 58629131 58690981 58678602 58726312 58743283 58677114 58616865 58629135 58647216 58732246 58628977 58628987 58690577 58709957 58627389 58637799
10	58644875 58696405 58714819
11	58680900 58634111 58634115 58690505 58635086 58724186 58725056 58731367 58620638
12	58629351 58617212 58627212 58724722 58629335 58677645 58660866 58683298 58684248 58690898 58733508
14	58683766 58665539
15	58665401 58707133 58680794 58622965 58737147
16	58608910 58706122
17	58742332 58712763 58712883 58619564 58714509
20	58685210 58689670 58705520 58722110 58736200 58668831 58676221 58689671 58624662 58639342 58641282 58654652 58689672 58705962 58705972 58719742 58607903 58654354 58662934 58709134 58719494 58663025 58606806 58706006 58709656 58719736 58683297 58705977 58654378 58698969
21	58661193 58701765
22	58634530 58704520 58720281 58650432 58654822 58716502 58629043 58630553 58631183 58667903 58688583 58697333 58710633 58716523 58736604 58691286 58732456 58743146 58743186 58619787 58674117 58688897 58728557 58632458 58661038 58606809 58632389 58673729 58722389
23	58638951 58639711 58638232 58667583 58682735 58733098 58659199
24	58692431 58737422 58725023 58650654 58737427
25	58731972 58720213 58704314 58624605 58650455 58720596 58694168 58714139
26	58703480 58720744 58636625
27	58617488
28	58635200 58638820 58692570 58718160 58732940 58634751 58638361 58737602 58741942 58663243 58618284 58634584 58640214 58668714 58617795 58641185 58665525 58678985 58638287 58657177 58675017 58675567 58741417 58741018 58741338 58668189
29	58683813 58720763 58660024 58646165
30	58607412 58672942 58673662 58743072 58673585 58673527 58720677 58740258
32	58616980 58643130 58643131 58650113 58712868 58739608 58646199 58650089 58712879
35	58651750 58674870 58682530 58703430 58742420 58634361 58643701 58651761 58661511 58669951 58670051 58678381 58694811 58699241 58703371 58717501 58619342 58630192 58630962 58643702 58648702 58649092 58664222 58668602 58690232 58697722 58717502 58730312 58734742 58651753 58654733 58693103 58703623 58735793 58651754 58665344 58704034 58719824 58723464 58730774 58734184 58636305 58647125 58651755 58655735 58711785 58734165 58605796 58638726 58651746 58651756 58653546 58684296 58693116 58703006 58703756 58716476 58643687 58643697 58651747 58651757 58677557 58691787 58693867 58694487 58694847 58707747 58720777 58730827 58651748 58651758 58653028 58694848 58700928 58706298 58716588 58722768 58643679 58643689 58651749 58651759 58684519 58718339 58732629 58734169
41	58735061 58734975 58668527
    43	58712831 58692284 58625445 58625596 58643706 58643716 58676897 58643668 58680979
44	58706074 58675679
45	58678621 58691113 58629977
46	58695521 58695462 58713442 58670619
    49	58642210 58642281 58642243 58642255 58642287 58642229 58642269
50	58650863 58655259
51	58693463 58628714 58731684
57	58717912
58	58578497 58578078 58669039
72	58714810 58711202 58715066
77	58617864
81	58690587
96	58723103
104	58555483
140	58654593
148	58573651 58573533
151	58631307
166	58638217 58638269
196	58608321
244	58677075
254	58624564
    268	58617710 58631673 58668613 58669974 58666136 58635847 58608978 58628448 58617759
302	58641651 58641012

Unimplemented

SP1 Possibly Timed Out
6	58668104
8	58683451 58697589
    11	58702771 58680422 58701306 58705836 58606788
    19	58693985
    21	58716323f
    22	58691327 58681227
    30	58653195
    31	58627960F 58697437F 58643218F 58643968F 58695069F
    35	58661725 58731310 58664096
    43	58677401 58736295
46	58700090 58721332 58721328
52	58664975 58664986 58664989
