SP2 Parser Failure
8	51272645
17	51303518 51303520 51331168 51331179
32	51279150
43	51283032 51314972
117	51372790

Unidentified
    2	51257728 51257828 51257832 51257834 51258363 51265870 51268292 51270375 51270379 51270413 51290615 51290621 51292132 51293215 51305814 51305902 51308818 51312910 51317740 51326403 51341804 51349227 51355986 51368509 51371125 51371131 51371137
    4	51353093 51353096
    6	51247861 51247876 51260101 51276734 51287104 51365887
    8	51320918 51321835 51321848 51333798 51336072 51337520 51338177 51345804 51368995 51369708
    9	51249772 51275093 51292269 51297273 51298019 51298600 51302990 51304304 51309909 51316653 51346584 51369471 51373539 51376463
    10	51296484 51351515
    11	51268698 51295741 51295909 51296109 51315448 51339371 51373648
    12	51304016 51308318 51308319 51308320 51308321 51308322 51327691 51328500 51333541
    14	51275126 51312519
    15	51295830 51311267 51371935
    16	51266316 51342376
    17	51269988 51302908 51368784 51372956
    18	51332782
    19	51257407
    20	51257758 51268214 51270704 51283605 51288602 51300620 51308081 51308108 51321398 51321426 51322095 51322116 51333061 51337726 51366075 51375532
    21	51344078
    22	51247734 51249653 51275258 51282010 51282158 51290928 51294442 51294455 51294475 51295260 51300412 51301474 51303604 51311957 51311962 51311975 51312701 51315565 51318815 51321313 51324089 51324112 51324190 51324289 51324317 51324426 51325434 51328334 51328620 51329006 51331055 51345067 51348316 51356835 51357693 51358254 51359379 51366357 51368378 51372434 51375175
    23	51301843 51306499
    24	51288518 51288520 51288523 51288531 51288532 51288535 51288536 51288537 51288538 51288540 51288542 51288547 51288548 51288549 51288552 51288553 51288555 51288560 51288561 51288562 51288564 51288565 51288571 51288572 51288573 51288574 51288577 51288578 51288579 51288580 51321140 51338547
    25	51350581
    26	51282227
    28	51258408 51261803 51276994 51277085 51293293 51293311 51293340 51296248 51301535 51301548 51301575 51301606 51306648 51308475 51310144 51330078 51330089 51332928 51332943 51343683 51355340 51359052 51370343
    29	51347411
    30	51291300
    31	51329299
    32	51274092 51274093 51274094 51274096 51294401 51300801 51320578 51320594 51320596 51320623 51320631 51320638 51320651 51320667 51328770 51371954
    35	51248556 51248558 51248560 51249764 51257484 51265893 51269266 51274105 51276464 51277212 51278223 51278467 51279309 51282526 51284119 51288225 51288839 51289744 51290595 51292305 51292333 51293866 51302913 51307711 51310844 51317133 51317622 51318178 51324686 51328318 51328642 51331113 51331545 51337172 51347846 51355270 51356010 51357240 51361532 51367674 51368697 51370418 51374968 51376372
42	51263295 51370072
43	51258521 51267195 51271653 51336668 51356971 51375402
44	51337332
45	51268601 51301672 51304364 51345579 51374179
46	51277783 51340870 51368563
51	51342412
72	51363107
75	51292109 51304307
76	51339628
77	51335091 51343438
81	51266128
83	51356557
111	51303641 51303648
140	51322751 51331651 51331665 51331676
151	51284380
152	51296831
157	51311418 51311419 51311420 51311423 51311424
161	51319746
166	51305761 51345216
185	51291372 51291379
244	51370909 51370914 51370918 51370923 51370927 51370929 51370932
268	51249592 51249693 51269516 51298519 51298809 51321496 51324966 51350152
324	51353048

Unimplemented
46	51308754 51322847 51322851 51323712 51323713

SP1 Possibly Timed Out
11	51291247
15	51291132
22	51328596
8	51321840
11	51312502 51342977 51348183
20	51361514 51361521 51361525 51361534
30	51261002 51296462 51355218
32	51274095 51274097
43	51332620
90	51299167
151	51284379
