SP2 Parser Failure
4	56822386
11	56898987
    15	56826373f 56876533f 56826344f 56826356f 56826367f
17	56918530 56882653
19	56829589
22	56815713
23	56908970
35	56916810
43	56876107
140	56875728
196	56883522 56876093
254	56836727

Unidentified
2	56916631 56900312 56928292 56811563 56823373 56853053 56873653 56931103 56895724 56853085 56926805 56838426 56841206 56885856 56890186 56895516 56904816 56787537 56788977 56929467 56827828 56893658 56904828 56915868 56930948 56808369 56916639 56916649 56922619
4	56930381 56931796 56802959
6	56798784 56878515 56798966 56839676 56854087 56921997 56805898
8	56925501 56846502 56878823 56892813 56893383 56806325 56862626 56923946 56852178 56926568 56838009
9	56787191 56915901 56786883 56813035 56910045 56930505 56786997 56835547 56856288 56881608 56915108 56928198 56868019
10	56787231 56787261 56877182 56787304 56787216 56873217 56902737 56787278 56854789
11	56829093 56845123 56845134 56845115 56931695 56845086 56883026 56927116 56888247 56798668 56845149 56897169
12	56908662 56886763 56824778
15	56872091
16	56883687
17	56882650 56882652 56887305
18	56926653 56926806
19	56884620 56811051 56880794
20	56842121 56849911 56844492 56867692 56917362 56811443 56810004 56827134 56891734 56786065 56870485 56879696 56788727 56809868 56811458 56900718 56812519 56847449
21	56844270 56927662
22	56804260 56835960 56874160 56877510 56907140 56797361 56800261 56832341 56855771 56869731 56883741 56886571 56917191 56824852 56885052 56889212 56916912 56854283 56892593 56903433 56930683 56844264 56886574 56785985 56823865 56886575 56922555 56816906 56886576 56822337 56862287 56787448 56800598 56830448 56914178 56797259 56853309 56877769 56905219
23	56896981 56925393 56897128
24	56890411 56851014 56882085 56902505 56903305 56917387 56828488 56917659
25	56800730 56840343 56846387 56840259 56840299
26	56870070 56907441 56853349
28	56919160 56813791 56852751 56797932 56819892 56844222 56839054 56852704 56898974 56857675 56868845 56872626 56907706 56859227 56916197 56806068 56877818 56786629
29	56812052 56827394 56850594 56846516 56800377 56866717
30	56887395 56878029 56916289
32	56818350 56866412 56900483 56900723 56903143 56866395 56813286 56903127 56903139
35	56796770 56816880 56840790 56852990 56853000 56812551 56853021 56858471 56815612 56824642 56875642 56886342 56920982 56925182 56931632 56413913 56804843 56812973 56836353 56882253 56916703 56785694 56796774 56810424 56820334 56844864 56854414 56859354 56883404 56785685 56807725 56820335 56875955 56881155 56893485 56899265 56917785 56920595 56796776 56804286 56820336 56822736 56873806 56809367 56817017 56820927 56863607 56877587 56881567 56912477 56919737 56923767 56927787 56907098 56785699 56800369 56818579 56822989 56905519
41	56930107
42	56852830 56892930 56836091 56887414 56898396
43	56887003 56900575 56890887 56785618 56902818 56902908 56887259
44	56917499 56926809 56927649
45	56815582 56826823 56845664
46	56835323 56852903 56844637 56844638
50	56787296 56924676 56787299
51	56832281 56818678 56853159
52	56922684 56919295 56923479
57	56922586
72	56830252
75	56918658 56925529
76	56822960
77	56932370 56824471 56824491 56824484 56824534 56824516
78	56876776
81	56820881 56872516
101	56910631 56910525
115	56838794 56839044 56836195 56838785 56838835 56838876 56838737 56839027 56838758
151	56869276 56869277
154	56923012 56923033 56923045 56923057 56923019
157	56860322
159	56864154 56864127
166	56909785
173	56833560 56847332 56847927 56833529
174	56848303
175	56813763
188	56827009
193	56852182 56838493 56882407
251	56916020
262	56859040
268	56787042 56827143 56925134 56931655 56901929
324	56925672
375	56402564
385	56826383 56826389 56857639 56857659

Unimplemented

SP1 Possibly Timed Out
    8	56895950 56833844 56860905 56860897 56895949
11	56884600 56897986 56885859
20	56863400 56863405
22	56879207 56907549
28	56887759
30	56896570
31	56928734
    35	56840030 56839962 56860272 56840003 56908263 56908224 56908274 56908216 56908246 56840017 56908238 56839939 56839979
42	56918392
43	56879933 56879934
140	56906375
