SP2 Parser Failure
4	55903762
4	55922416
4	55880928
14	55880751
14	55889188
17	55854650
17	55831721
17	55846441
17	55914094
17	55831737
17	55859147
17	55835739
22	55860981
22	55837945
22	55914926
26	55923731
28	55854807
29	55923472
29	55867304
32	55871166
35	55845175
35	55858067
35	55887767
35	55892047
140	55891499
157	55892651
157	55892643
157	55892665
268	55877941
268	55879471
268	55870195

Unidentified
2	55882500
2	55825021
2	55826681
2	55826701
2	55864591
2	55891271
2	55933831
2	55801742
2	55893262
2	55826705
2	55887555
2	55932355
2	55882466
2	55932826
2	55799077
2	55862038
2	55887578
2	55937788
2	55826749
2	55903279
3	55823201
3	55819787
4	55941571
4	55940963
4	55813348
6	55861213
6	55881803
6	55916903
6	55877324
6	55938234
6	55837076
6	55877367
8	55888310
8	55900041
8	55915951
8	55942952
8	55878143
8	55817797
8	55876727
8	55818819
8	55911279
9	55798960
9	55897220
9	55829621
9	55935742
9	55894594
9	55814115
9	55897415
9	55891836
9	55824989
9	55895469
9	55895929
10	55874371
11	55866360
11	55881212
11	55812484
11	55846064
11	55812207
11	55846147
11	55874477
11	55896748
11	55818899
11	55881589
12	55811732
12	55829212
12	55868613
12	55862217
14	55861550
14	55909132
14	55909095
14	55889217
14	55909138
14	55889179
15	55834132
15	55941542
15	55830903
15	55864994
15	55906724
15	55830925
15	55830876
15	55831206
15	55930886
16	55855201
16	55854293
16	55841548
17	55837021
17	55861132
17	55881152
17	55841525
17	55852678
19	55944450
20	55924450
20	55819951
20	55872661
20	55890991
20	55899831
20	55911011
20	55869662
20	55940162
20	55899833
20	55832184
20	55873394
20	55874804
20	55854336
20	55940656
20	55869647
20	55881467
20	55861598
20	55877838
20	55890099
20	55899829
20	55911609
22	55821960
22	55831590
22	55842290
22	55875950
22	55896800
22	55858961
22	55870461
22	55923041
22	55930261
22	55875932
22	55876012
22	55877492
22	55877532
22	55913312
22	55922502
22	55924922
22	55932312
22	55867604
22	55875904
22	55875944
22	55882054
22	55930244
22	55938564
22	55853535
22	55863465
22	55868955
22	55906885
22	55920945
22	55849886
22	55877506
22	55932016
22	55837517
22	55841077
22	55891557
22	55833378
22	55862928
22	55875918
22	55875978
22	55914158
22	55943008
22	55875899
22	55900429
22	55923029
22	55929689
23	55897591
23	55942911
23	55882412
23	55897622
23	55822303
23	55897753
23	55897564
23	55897654
23	55832296
23	55938266
23	55853537
23	55897677
23	55897717
23	55897767
23	55897787
23	55927887
23	55897498
23	55897459
23	55943939
24	55851531
24	55832113
24	55851504
24	55851515
24	55835156
24	55851538
24	55851548
24	55851499
24	55894659
25	55802400
25	55856450
25	55813551
25	55866751
25	55843152
25	55914863
25	55938893
25	55843155
25	55870307
25	55914857
26	55916530
26	55936680
26	55938231
26	55924432
26	55844423
26	55844374
26	55908314
26	55908339
27	55913440
27	55933000
27	55945525
28	55856040
28	55867690
28	55800391
28	55802401
28	55855931
28	55939631
28	55810762
28	55825952
28	55812183
28	55828043
28	55872493
28	55909163
28	55920233
28	55811754
28	55830575
28	55853235
28	55872865
28	55889935
28	55914275
28	55943045
28	55802406
28	55855966
28	55941256
28	55800417
28	55915287
28	55933308
28	55940348
28	55825919
28	55893419
29	55813900
30	55879660
30	55895642
32	55862222
32	55830003
32	55838103
32	55874253
32	55838196
32	55838326
32	55819237
32	55843977
32	55837928
32	55837689
32	55874239
35	55849520
35	55887540
35	55891330
35	55923880
35	55820781
35	55826351
35	55854581
35	55863001
35	55866411
35	55890581
35	55914891
35	55924731
35	55820342
35	55821762
35	55824632
35	55839632
35	55853202
35	55878602
35	55892372
35	55902152
35	55929162
35	55934242
35	55800913
35	55824373
35	55830483
35	55836833
35	55836913
35	55837683
35	55864913
35	55901564
35	55914924
35	55920204
35	55944234
35	55912165
35	55854326
35	55885776
35	55887556
35	55913716
35	55933456
35	55821757
35	55830467
35	55852067
35	55856737
35	55866467
35	55875727
35	55937947
35	55856758
35	55872148
35	55895838
35	55902528
35	55902908
35	55943058
35	55824549
35	55838179
35	55854469
35	55874819
35	55890519
35	55914939
41	55941849
42	55812731
42	55903471
42	55891862
42	55864594
42	55885786
43	55838691
43	55845743
43	55860234
43	55877575
43	55940685
43	55880407
43	55945367
43	55831418
45	55865340
45	55819554
45	55822969
46	55875910
46	55897910
46	55823191
46	55823192
46	55902344
46	55852325
46	55910026
46	55851997
46	55852327
50	55876203
50	55813895
50	55799716
51	55896540
51	55801725
51	55861566
72	55935618
77	55917932
77	55917998
81	55882602
81	55885864
81	55937635
81	55932836
90	55934561
140	55887401
140	55906181
140	55868672
140	55838363
140	55838354
159	55933561
159	55933573
159	55933555
179	55883443
179	55883444
179	55883436
179	55883437
179	55883447
179	55883439
180	55916813
224	55826096
268	54810861
268	55912151
268	55863754
268	55870815
268	55891665
268	55799217
268	55874148
385	55908155
385	55907798
55832554 Image Statement Password	matches	Unidentified	SP1 failed with message Binary file 55832554/out matches
55832573 Image Statement Password	matches	Unidentified	SP1 failed with message Binary file 55832573/out matches
55832606 Image Statement Password	matches	Unidentified	SP1 failed with message Binary file 55832606/out matches

Unimplemented

SP1 Possibly Timed Out
2	55860110
11	55801803
11	55814134
11	55918026
30	55915271
30	55811713
30	55800457
30	55800677
35	55846105
35	55908633
43	55898126
43	55898117
43	55900098
46	55857310
90	55934566
