SP2 Parser Failure
    15	56992371f
    17	56994752
    22	56971534 56992748
    26	57051534
    174	56967484
    196	56962185

Unidentified
2	56954330 56956700 56966210 57031440 56972991 57006541 57047501 57080061 56958052 56983512 56993692 56988603 57012483 57060003 57024324 57017095 57077586 56958048 57073168 57055149 57056489 57065009 57069749 57071309 57071449 57075469
4	57069200 57025621 57038832 57069184 57025625 57025626
6	56959831 56997392 56970284 57068827 57035288 57013489
8	56935970 57057540 57057550 57025041 57073211 57063542 56976333 57034893 57009484 57020444 56934035 57046935 57043086 57064466 57038347 57005009 57057539
9	56933640 57007001 56955052 57076662 56990993 56994443 57048553 57059513 57030724 57042464 57048585 57071195 57071555 57048646 57002627 57048668 57048629
10	56964362 57021086
    11	56952380 56986840 56993070 57020780 57079711 57027142 56966963 57020763 56974904 56975744 57042924 57074674 56966855 56974065 57004545 56974906 56966867 56999557 57020767 56966908 56966928 57027078 57077558
12	57076913 57076894 57071426 56944629 57080399
15	57074050 57026172 57061312 56933723 56980555 57076866 56933697 56959149 57072229
16	57078635 57068257
17	57040602 57040647 57020728
18	57037300 56997432 56948238
19	56933352 56993106
20	56979780 56989760 56989621 57014782 57028252 56947523 57023183 57063683 57076703 57017554 56958455 57003535 57049746 57057196 57077286 57002337 57058108 57075078 57049809 57075089
21	57066643
22	56967920 57028960 57039160 57068720 56952161 56995191 57003861 57015041 57023131 57028961 57036431 57059401 57075621 56962662 56990622 57037642 57072482 57017793 57054803 57075623 57048494 57052574 57076504 57077714 57004005 57013185 57071705 56954126 56963616 56967696 57013326 57023107 57038337 56975328 56989698 57028958 57054788 57023119 57028959 57039169 57070969
23	56947530 57024861 56978252 56951813 57020313 56997465 57020427
24	56945740 56957890 57019532 56957723 56971666 57010856 56955437 56958947 57000218 56934269 56986019
28	56983140 57040520 57069020 57073150 56992611 57005221 56982962 57007292 56974963 57040053 57050193 57055523 57023884 57050154 57032725 56936596 56944036 56951616 56960867 57007277 57030717 57043477 56992658 57043228 57058388 57066058 56969089 57070939
29	57007603
30	57040680 57031502 56993973 57049714 57045006 57066118
31	57068577
32	57023141 57035123 57035143 57042725 57038247 57035148 57042729
35	56992060 56996250 56996270 57011270 57037030 57054740 57006811 57055741 57057231 56975582 57006972 57013062 57033522 57047342 57055642 57056912 57077412 57079862 56935783 56982683 56995773 57011273 57037053 57045943 57047353 57066073 57066703 57068843 56954754 56997434 57006984 57009374 57011274 57021324 57050774 57054744 57070984 57079234 56990215 57011275 57019575 57055145 57011266 57030736 57078386 56976837 57047337 56933158 56933778 56975108 57007468 57011268 57029038 57037128 57050198 57055598 57055878 57062298 57070388 57075388 57077008 56956299 57050119 57059749 57076919
41	56944044 57030396 57009329
42	56936513 56936035 57032536 57032537 56947478
43	56980230 57053220 57069330 56980201 56935173 57043114 56980215 56980865 57043115 57037156 57021297 57033317 57043118
44	57053655
45	57013950 57006561 56953822 57073542 57049177 56953109 57040189
46	57003640 57016561 57053591 57016584 57028285 57014376 57079397 57004848 57016598 57059858 57059839
50	56963860 57016360 57043312 57021255 57043775 57029326 57029337 57079848
51	57079380 57068953 57009905 57073307 57044338
72	57042444 56986898
75	56981091 57064681 57057965
77	56965618
81	57010311
101	56910631
115	56838876 56838737
140	57052541 57052702 57070995
151	57033261
156	57055980 56990593 56957174 56960758
159	56946911
171	57058774 57058775 57058776 57058777 57058778 57058779
172	57050952 56991688
188	57037764
191	56993455
196	57029740 57029711 57029722 57029585 57030358
244	57054210 57054181 57054275
251	57001180
262	56989230 56989231 56989232
268	57032762 56996553 56970389
324	57028720 57028910

Unimplemented

SP1 Possibly Timed Out
    8	57024463 57024185
    11	57072581 57009387
    20	57062787 57005619
    22	57019274 56959439
    30	56974812 57065836 57078409
    31	57055631
    32	57063846
    140	57004400 57004076
