SP2 Parser Failure
4	57725163
4	57618248
4	57726509
15	57698990
15	57720151
17	57703194
22	57695960
32	57634046
43	57624290
43	57624292
43	57624289
170	57680649
173	57630243
173	57630313
302	57676948

Unidentified
2	57663890
2	57668880
2	57683140
2	57698350
2	57603811
2	57732161
2	57582282
2	57620852
2	57592863
2	57726943
2	57617024
2	57623404
2	57598355
2	57632275
2	57730675
2	57582276
2	57652036
2	57689797
2	57727397
2	57603248
2	57619729
2	57623419
2	57683499
2	57704769
4	57735401
4	57691515
6	57591661
6	57624761
6	57733481
6	57673032
6	57732152
6	57708893
6	57610434
6	57690305
6	57720256
6	57610528
6	57621538
6	57581459
6	57602049
8	57599460
8	57599980
8	57679403
8	57659394
8	57625945
8	57674395
8	57720895
8	57722285
8	57688156
8	57650637
8	57659397
8	57659398
9	57686450
9	57592941
9	57650401
9	57672081
9	57599733
9	57605353
9	57686104
9	57602716
9	57661997
9	57692277
9	57699548
10	57645490
10	57723810
10	57578801
10	57692011
10	57725524
10	57685465
11	57591500
11	57720201
11	57727071
11	57725072
11	57686533
11	57732423
11	57709684
11	57731984
11	57622165
11	57638445
12	57628290
12	57633210
12	57627391
12	57728562
12	57653983
12	57626547
14	57287361
14	57695632
14	57653787
15	57662420
15	57709424
15	57664755
15	57687215
15	57614989
15	57687629
15	57698069
16	57600691
16	57690201
16	57668835
16	57602157
17	57628300
17	57684222
17	57733392
17	57692154
17	57628305
17	57726895
17	57735046
17	57689229
19	57615770
19	57735380
19	57615364
19	57702348
20	57656350
20	57681550
20	57704110
20	57629871
20	57634451
20	57667301
20	57688071
20	57548973
20	57628383
20	57672093
20	57616924
20	57681564
20	57689984
20	57698794
20	57711984
20	57696725
20	57656337
20	57608178
20	57703128
20	57735548
20	57634649
20	57637649
20	57651939
20	57676749
20	57679129
21	57724860
22	57621050
22	57635190
22	57648910
22	57660340
22	57673130
22	57677700
22	57725790
22	57621961
22	57632081
22	57648911
22	57652371
22	57676631
22	57702081
22	57730971
22	57734141
22	57589752
22	57623592
22	57624922
22	57646232
22	57648912
22	57668652
22	57618803
22	57648913
22	57665863
22	57728753
22	57608914
22	57621924
22	57621954
22	57677224
22	57686214
22	57718944
22	57639565
22	57667485
22	57691245
22	57702075
22	57621046
22	57669006
22	57732026
22	57621897
22	57628797
22	57635857
22	57645787
22	57676587
22	57680467
22	57735027
22	57621948
22	57648908
22	57691268
22	57600289
22	57621049
22	57640499
22	57648909
22	57723359
23	57673300
23	57673310
23	57673320
23	57673330
23	57673311
23	57673321
23	57673312
23	57718472
23	57673304
23	57673324
23	57673334
23	57592565
23	57673335
23	57724945
23	57731225
23	57623796
23	57673317
23	57650758
23	57673318
23	57673328
23	57673319
24	57731882
24	57601723
24	57640563
24	57701423
24	57716164
24	57601806
24	57701419
25	57607261
25	57598583
25	57610563
25	57664523
25	57730873
25	57664954
25	57630785
25	57647085
25	57663615
25	57686505
25	57701366
25	57719517
25	57630038
25	57631009
26	57625081
26	57590257
26	57686799
27	57733605
28	57720811
28	57681293
28	57718483
28	57581704
28	57590084
28	57608754
28	57679574
28	57610176
28	57618016
28	57688176
28	57708446
28	57674867
28	57688187
28	57589898
28	57635488
28	57688188
28	57731868
28	57709059
29	57625920
29	57654670
29	57602311
29	57602272
29	57663562
29	57599823
29	57605004
29	57676716
29	57685396
30	57666441
30	57666951
30	57727563
30	57605777
30	57653127
32	57678250
32	57704780
32	57676283
32	57660874
32	57676335
32	57610596
32	57648566
32	57612187
32	57662948
32	57676388
32	57617459
32	57676369
32	57676399
32	57725849
35	57688960
35	57699700
35	57731310
35	57732740
35	57735400
35	57579281
35	57580051
35	57677271
35	57685551
35	57698381
35	57724201
35	57580442
35	57603712
35	57613362
35	57619662
35	57646302
35	57666322
35	57672262
35	57676042
35	57686222
35	57691982
35	57698382
35	57699652
35	57699852
35	57700342
35	57702662
35	57731442
35	57578883
35	57579983
35	57581923
35	57590223
35	57606413
35	57614773
35	57624823
35	57706993
35	57698374
35	57698384
35	57709394
35	57580935
35	57606415
35	57666225
35	57698375
35	57698385
35	57709405
35	57718395
35	57580046
35	57613866
35	57614756
35	57691996
35	57698376
35	57699696
35	57703716
35	57608107
35	57638177
35	57698377
35	57699697
35	57703497
35	57709407
35	57719957
35	57727157
35	57730697
35	57594148
35	57603708
35	57609478
35	57656068
35	57660118
35	57677298
35	57698378
35	57701028
35	57709408
35	57721708
35	57580049
35	57589909
35	57590289
35	57601969
35	57623389
35	57625499
35	57633379
35	57658139
35	57676039
35	57686869
35	57698379
35	57699699
35	57702049
35	57718239
41	57659481
41	57638747
42	57602091
42	57590588
43	57618910
43	57618920
43	57606132
43	57620832
43	57684622
43	57732432
43	57580693
43	57678004
43	57689184
43	57581775
43	57729195
43	57729265
43	57732426
43	57625978
44	57733366
45	57650640
45	57717120
45	57650081
45	57649973
45	57716763
45	57655244
46	57625573
46	57625583
46	57590376
46	57625576
46	57593948
50	57590211
50	57580387
51	57628890
51	57701880
51	57734166
51	57612488
52	57726087
75	57590580
75	57652670
75	57687011
75	57652595
75	57652706
75	57652618
76	57663018
81	57659461
81	57730408
108	57369370
111	57626126
140	57641161
151	57667711
152	57597972
166	57607758
170	57582023
173	57719094
175	57597996
196	57631981
222	57619502
222	57618706
244	57610700
244	57629351
244	57629352
244	57610733
244	57629353
244	57610715
244	57629355
244	57629356
247	57723009
265	57591351
267	57602887
268	57697292
268	57730632
268	57682265
268	57629636
268	57629568
268	57627079
376	57700110
387	57655242
57580551 Image Statement Password	matches	Unidentified	SP1 failed with message Binary file 57580551/out matches
57632989 Image Statement Password	matches	Unidentified	SP1 failed with message Binary file 57632989/out matches
57632993 Image Statement Password	matches	Unidentified	SP1 failed with message Binary file 57632993/out matches
57632998 Image Statement Password	matches	Unidentified	SP1 failed with message Binary file 57632998/out matches
57633006 Image Statement Password	matches	Unidentified	SP1 failed with message Binary file 57633006/out matches
57633012 Image Statement Password	matches	Unidentified	SP1 failed with message Binary file 57633012/out matches
57633021 Image Statement Password	matches	Unidentified	SP1 failed with message Binary file 57633021/out matches
57633030 Image Statement Password	matches	Unidentified	SP1 failed with message Binary file 57633030/out matches

Unimplemented

SP1 Possibly Timed Out
2	57666927
2	57612744
8	57696075
11	57615842
11	57627675
11	57675715
11	57690025
11	57631338
11	57639448
15	57719239
30	57663291
30	57703974
31	57679820
31	57679821
31	57679817
31	57679818
31	57679819
32	57630691
43	57604090
43	57624293
140	57645909
