SP2 Parser Failure
    22	58353594
    26	58367686
    35	58347822 58333173 58367906

Unidentified
2	58314420 58314820 58331080 58362190 58363420 58379700 58379291 58357602 58378392 58314713 58348243 58357593 58314434 58378036 58379296 58379886 58380417 58356439 58357609 58365229
3	58344642 58381755 58344629
6	58367590 58378442 58382302 58327898 58323179 58328099
8	58314480 58335080 58312363 58327463 58338073 58344344 58347774 58322885 58322985 58324106 58361176 58328568 58345408 58331359 58365609
9	58314700 58371642 58371702 58314503 58337453 58351073 58323224 58361094 58351375 58376136 58348557 58348837
10	58367075 58366929
11	58347072 58353202 58379255 58383275 58327876 58359328
12	58356641 58340092 58361148
15	58345751 58357835 58383388 58353389
16	58347360 58347144 58351267 58351597
17	58356854 58356866 58356857
19	58344704
20	58331720 58313811 58352923 58342205 58362456 58371476 58371077 58328889
22	58335680 58313481 58323372 58328762 58364193 58335104 58346504 58353144 58313475 58328765 58359675 58362445 58335766 58353016 58360246 58357337 58382817 58313478 58333939
23	58340150 58366301 58381516 58360797 58381409
24	58359280 58312554 58313634 58312547 58313667
25	58363750 58365705 58373595
26	58341764 58341785 58341778
27	58382688
28	58383320 58355461 58314783 58381053 58337294 58327995 58334915 58335425 58366605 58381565 58339106 58324307 58337307 58344157 58356457 58359757 58354839 58383409
29	58360066
30	58372403 58313116 58374848 58342219
35	58328990 58329170 58331390 58343100 58363080 58364460 58365540 58373520 58378220 58379540 58381110 58346981 58348431 58361151 58364501 58336412 58340612 58379782 58380502 58331803 58342163 58342743 58370373 58379523 58381083 58337034 58362194 58365854 58368804 58378444 58379544 58329165 58344955 58347155 58373535 58373545 58329176 58351276 58355997 58377357 58329878 58332318 58346658 58358938 58361108 58363148 58366038 58368188 58373378 58379898 58380568 58341789 58343159 58362429 58368199 58373559 58373569
41	58337282 58359734 58359725 58337437 58357288 58358368 58358359 58359719
42	58324241
43	58341050 58355552 58369453 58343574 58363064 58331936 58357196
45	58339290
46	58325273
50	58312340 58328443
51	58358552 58381135
52	58330130
77	58337121 58339164 58379834 58338728
189	58383291 58383226
267	58356001 58312436
268	58375684 58330837 58374758

Unimplemented

SP1 Possibly Timed Out
    20	58339149
    30	58370640 58370780 58366981 58337883
    43	58343783 58357104
