SP2 Parser Failure
4	58550633
4	58552784
4	58577304
4	58579555
28	58571316
35	58525163

Unidentified
2	58516040
2	58536090
2	58593140
2	58539421
2	58561902
2	58572352
2	58605372
2	58539053
2	58572373
2	58529484
2	58555194
2	58556555
2	58583906
2	58556547
2	58581138
2	58603458
2	58516179
2	58548269
2	58553699
2	58593099
4	58571771
4	58537062
4	58548544
4	58587294
6	58583270
6	58599870
6	58582091
6	58601751
6	58568732
6	58549713
6	58516514
6	58527594
6	58526797
6	58537809
8	58525960
8	58556630
8	58576222
8	58588147
8	58515518
8	58599708
8	58584489
9	58590011
9	58514592
9	58514583
9	58582764
9	58566385
9	58570745
9	58578725
9	58603476
9	58580327
9	58565248
9	58514599
9	58567329
9	58597159
10	58538259
11	58534840
12	58539791
12	58526443
12	58542243
12	58548513
12	58553874
14	58575354
15	58515754
16	58601951
16	58581112
16	58581573
16	58556468
16	58603768
16	58552749
17	58559577
19	58541784
20	58595730
20	58601180
20	58513771
20	58598391
20	58541912
20	58550382
20	58557004
20	58514495
20	58547995
20	58592685
20	58587866
20	58569548
20	58596488
20	58513759
22	58514300
22	58562470
22	58565460
22	58590580
22	58542371
22	58556781
22	58553012
22	58560152
22	58562703
22	58581963
22	58512894
22	58516604
22	58550724
22	58568384
22	58588184
22	58530105
22	58514306
22	58543946
22	58553887
22	58551628
22	58565558
22	58578778
22	58582608
22	58561139
22	58563239
22	58564909
22	58565879
23	58516110
23	58540134
23	58548524
23	58573064
23	58573764
23	58525057
23	58572909
23	58573849
24	58514280
24	58526950
24	58587660
24	58575622
24	58514344
24	58542504
24	58514578
24	58565358
25	58596270
25	58525384
25	58585698
25	58546259
26	58528586
26	58553746
26	58539697
27	58527977
27	58528849
28	58553810
28	58565410
28	58593260
28	58534871
28	58550761
28	58562922
28	58568553
28	58571103
28	58555924
28	58588214
28	58556655
28	58588155
28	58600915
28	58570806
28	58602046
28	58554377
28	58556157
28	58598457
28	58514448
28	58551088
28	58555938
28	58594989
29	58564422
29	58541933
29	58555833
29	58569693
29	58564414
29	58541895
29	58564409
32	58557280
32	58525463
32	58586548
35	58524550
35	58526720
35	58546400
35	58559601
35	58581801
35	58584161
35	58584951
35	58537222
35	58562322
35	58597362
35	58601172
35	58513163
35	58557873
35	58563043
35	58578253
35	58581803
35	58601323
35	58537264
35	58553304
35	58563074
35	58565734
35	58586824
35	58605164
35	58525175
35	58559475
35	58566835
35	58574635
35	58584695
35	58595435
35	58515646
35	58526476
35	58559106
35	58563086
35	58564546
35	58570116
35	58586666
35	58599106
35	58603896
35	58563587
35	58583457
35	58585037
35	58593097
35	58595517
35	58559538
35	58563048
35	58563248
35	58597478
35	58574129
35	58576939
35	58578219
41	58587011
42	58550216
43	58525460
43	58545630
43	58600061
43	58550182
43	58545813
43	58600043
43	58543614
43	58549694
43	58556864
43	58546176
43	58600046
43	58550198
43	58537379
44	58600622
50	58543291
50	58526452
50	58582237
51	58550723
51	58579948
52	58601502
58	58578497
58	58578078
77	58557793
77	58555108
104	58554722
140	58598190
148	58573651
148	58573512
148	58573602
148	58573533
148	58573563
148	58573434
148	58573476
148	58573379
156	58576440
156	58546954
178	58538694
254	58601638
268	58565760
268	58582883
268	58586233
268	58582026
268	58571597
302	58561102
58549086 Image Statement Password	matches	Unidentified	SP1 failed with message Binary file 58549086/out matches

Unimplemented

SP1 Possibly Timed Out
20	58549925
31	58535580
35	58595100
35	58596084
35	58604119
35	58572479
43	58574253
43	58556391
