SP2 Parser Failure
4	60268335
4	60268376
4	60234297
9	60297665
15	60351080
15	60379680
15	60353266
15	60325668
15	60328668
17	60377901
17	60354184
17	60377576
19	60260283
19	60331963
22	60336881
22	60263654
26	60300065
29	60273417
50	60332024
50	60337956
72	60365584
77	60288523
77	60288146
77	60288307
77	60288397
140	60314758

Unidentified
2	60281740
2	60376880
2	60264821
2	60330171
2	60375701
2	60392491
2	60261262
2	60313462
2	60322732
2	60375962
2	60357153
2	60232964
2	60253244
2	60375485
2	60288886
2	60330796
2	60372516
2	60364007
2	60372937
2	60392578
2	60285669
2	60379659
3	60338205
3	60356337
4	60352160
4	60309091
4	60337041
4	60235312
4	60268942
4	60291952
4	60311582
4	60377502
4	60310333
4	60336314
4	60391157
4	60279408
4	60337488
4	60291619
4	60315939
4	60323819
4	60363969
6	60294680
6	60312281
6	60323501
6	60387541
6	60289022
6	60352593
6	60384434
6	60361685
6	60384165
6	60351806
6	60324329
8	60250920
8	60006151
8	60343381
8	60275872
8	60350602
8	60378322
8	60274223
8	60355783
8	60235294
8	60322394
8	60343124
8	60343364
8	60387454
8	60314065
8	60351815
8	60318366
8	60338517
8	60349327
8	60372767
8	60303368
8	60343409
9	60236300
9	60257770
9	60385290
9	60289751
9	60381061
9	60269693
9	60339833
9	60362903
9	60276254
9	60303205
9	60270286
9	60317586
9	60336506
9	60259237
9	60280587
9	60234498
9	60299378
9	60277299
10	60332781
10	60357041
10	60285392
10	60285153
10	60306107
10	60307677
11	60246750
11	60390062
11	60331756
11	60356708
12	60284900
12	60268271
12	60282212
12	60284812
12	60285052
12	60387232
12	60285133
12	60270195
12	60330396
12	60345177
12	60285238
12	60284989
12	60387249
14	60318671
14	60384922
14	60318653
14	60307684
14	60309176
14	60318687
15	60299991
15	60335641
15	60306022
15	60330072
15	60333372
15	60350752
15	60254443
15	60380223
15	60306984
15	60320844
15	60322984
15	60380164
15	60351086
15	60294897
15	60299887
15	60335137
16	60273473
16	60268827
16	60345277
17	60390088
20	60378610
20	60252401
20	60358831
20	60263732
20	60349042
20	60384872
20	60308494
20	60346984
20	60261115
20	60364605
20	60393275
20	60256566
20	60346476
20	60308277
20	60308508
20	60333968
20	60346678
20	60244839
20	60348999
20	60381869
22	60322180
22	60336710
22	60388890
22	60389870
22	60274191
22	60287631
22	60381011
22	60247832
22	60374982
22	60236113
22	60236453
22	60353243
22	60359313
22	60308694
22	60381004
22	60247005
22	60275475
22	60294095
22	60304915
22	60342445
22	60362385
22	60381025
22	60389045
22	60390046
22	60236118
22	60247838
22	60307588
22	60318908
22	60356648
22	60389998
22	60233689
22	60244689
22	60271369
22	60283889
22	60391429
23	60303712
23	60352993
23	60292866
23	60304918
23	60351788
23	60336019
24	60330961
24	60322132
24	60324972
24	60233543
24	60293954
24	60382386
24	60260699
25	60245181
26	60363231
26	60263796
26	60358928
26	60363009
28	60276870
28	60301390
28	60345240
28	60362610
28	60252481
28	60254432
28	60344412
28	60362662
28	60385922
28	60273453
28	60325583
28	60387313
28	60305434
28	60333164
28	60345604
28	60244585
28	60358595
28	60250826
28	60379326
28	60383756
28	60388166
28	60288828
28	60362878
28	60263349
28	60288879
29	60292681
29	60274993
29	60372503
29	60119804
29	60293464
29	60265035
29	60328595
29	60273996
29	60311396
29	60267647
29	60310187
29	60356667
29	60261298
29	60266679
29	60278169
29	60303399
30	60273260
30	60288240
30	60244623
30	60365353
30	60389514
30	60364647
30	60308689
31	60317581
31	60267745
31	60305239
32	60269270
32	60382620
32	60305653
32	60311903
32	60317053
32	60305635
32	60262187
32	60311917
32	60386097
32	60305588
32	60269279
35	60361120
35	60377960
35	60383570
35	60278031
35	60287551
35	60321241
35	60321431
35	60233442
35	60273442
35	60286502
35	60308882
35	60323752
35	60374432
35	60375542
35	60264263
35	60279963
35	60334763
35	60351053
35	60365583
35	60259344
35	60319904
35	60356114
35	60375774
35	60336515
35	60336785
35	60374045
35	60384975
35	60235616
35	60276116
35	60286536
35	60320476
35	60264207
35	60321837
35	60346027
35	60374757
35	60256868
35	60270778
35	60356128
35	60364728
35	60386888
35	60388098
35	60392898
35	60268879
35	60270779
35	60279509
35	60326339
41	60244223
41	60292563
41	60291838
41	60376318
42	60284450
42	60298370
42	60337870
42	60284451
42	60284452
42	60284454
42	60284455
42	60284456
42	60337826
42	60284457
42	60339167
42	60284458
42	60337848
43	60246382
43	60293582
43	60305322
43	60306972
43	60386562
43	60334673
43	60233296
43	60263387
43	60285548
43	60368788
43	60389079
44	60375580
44	60339081
44	60327912
44	60368252
44	60339115
44	60325746
44	60339127
44	60260448
44	60274689
45	60324141
45	60339123
45	60254494
45	60304746
45	60388216
45	60305149
46	60287561
46	60358101
46	60358121
46	60358143
46	60306644
46	60358114
46	60371344
46	60371354
46	60371336
46	60390187
46	60287549
46	60363369
46	60363409
46	60368269
50	60303724
51	60326600
51	60355822
51	60379825
51	60354588
51	60253969
51	60355829
52	60391352
52	60258656
57	60256990
57	60306630
57	60306622
57	60256986
57	60256997
57	60342219
58	60114218
72	60284642
77	60356723
77	60301817
81	60391836
90	60274130
156	60271181
178	60390545
178	60376646
178	60390726
181	60319251
194	60368392
194	60365644
195	60293938
195	60293939
196	60332440
197	60386264
226	60354752
226	60354762
226	60374878
226	60354759
268	60257860
268	60347811
268	60305582
268	60331514
268	60281575
268	60332606
268	60305147
268	60311209
324	60273587
324	60273409
341	60352230
341	60352235
341	60352226
341	60352236
341	60352237
387	60351511
998	60331161
60387213 Image Statement Password	matches	Unidentified	SP1 failed with message Binary file 60387213/out matches

Unimplemented

SP1 Possibly Timed Out
2	60352535
8	60302735
11	60309298
15	60291113
15	60339866
19	60269410
19	60269421
19	60269403
19	60269385
19	60269406
19	60264949
20	60326625
20	60330700
21	60261971
21	60261973
22	60274490
22	60352192
22	60301083
22	60305446
22	60303867
28	60336246
29	60263458
30	60233155
30	60276867
30	60233409
30	60389599
31	60270190
31	60305510
31	60392360
31	60283951
31	60285891
31	60297931
31	60286542
31	60305804
31	60325104
31	60285788
31	60392328
31	60285879
31	60295189
31	60341829
32	60311945
32	60313417
35	60298031
43	60322747
44	60377991
44	60279322
45	60281323
90	60264811
