SP2 Parser Failure
4	60996111 61045813 61024947
11	60981550 60971331 60996451 60954912 61010483 60983865 60995868
15	61011104
17	60948304 60956157 61003887
19	61010692 61025742
28	61037935
30	61039695 61040148
41	60980461
75	61039051
343	60971359

Unidentified
2	60962411 61046151 61048021 60966602 60973832 61014622 61042372 61010913 61022523 61046264 61046534 61040225 61045395 60989336 61042387 60969798 61000148 61013808 61041089
3	61041535
4	60949065
6	61041363 61048203 60949304 61046394 60974655 60961546 60998996 60974629
8	61024052 60937113 61030984 60979315 61006256 61003897 61027127 61005608 61007098 60956139 61024039
9	61023930 60981121 61004831 60955502 61000553 61034064 60967965 61023725 60960808 60977118 60990749
10	61004820
11	60959870 60983273 60981037 60945568
    12	60971760 60971531 60977962 60950693 60958653 61010784 61004495 61025425 60994746 60952717 61014267 61005279
14	61012708
15	61020963
16	61013451 60974776 60937517
17	60964153 61032244 60965298
19	60927400 61038520 60940352 60989292 60927639
20	60973210 60951891 60968461 60968511 61038911 60982882 60999782 61012962 60928533 60999323 60974405 61017695 60953386 60957856 60968586 61010246 61012956 61016696 61022976 60968477 60968557 61035737 60985338 60968489 60968539
21	60974881
22	61014490 60952311 60969021 60983821 61014481 60968302 60976202 60955473 60962213 60969363 61016113 60945194 60976044 60987274 61007564 60969155 60979095 60988125 61005945 61011365 60952286 60955257 60988817 61003277 61008747 61040557 60953748 60969608 61014508 61043798 60938859 60953779 60976369 60979109 60983779 61009059
23	60927530 60975422 60975295 60975296 60974737 60969538 60984959 60990889
24	60964486 61024036
25	61038472 60970294 61035424
26	61035718
28	60937850 60967400 60944441 60967901 61001691 60967462 60974832 60989622 61044652 61006694 61038664 60943335 61002185 60967436 60973376 60974736 60989656 61044626 60967377 60974727 60989637 61002197 60974748 60979108 61046408 60980969 61002159 61044659
29	60992390 60952644 60996286
30	61021891 61024301 61014592 60945426 61037217 61037227 61037259
31	61022821 61020103 60989598
32	60960561 60973253 60973499
35	60987080 60996600 61024680 60937551 60939341 61009651 60954302 60975612 60982972 60996432 60997842 61002172 61020752 61025562 61038182 60943393 60944183 60948093 60951343 60967663 60986023 60987253 60991193 61038483 60939344 61006854 61043344 60958775 60986785 61034515 61046055 60939356 61000656 61024106 60926797 60975647 61042057 61044717 60947528 60949148 60975658 60986808 60989608 60939349 60955989 60963309 60964629 60974539 60990799 60990999 61038779
41	61039880 60958783 61027845
42	60966750 60972429
43	60945200 61042692 60983315 60928956 60971377 60981068
44	60999350 60981294 60999544 60998216 60968437 60998369
45	60982671 61034782 60978443 60983343 60999016 60972617
46	60964811 60964825 60938286 60993536
50	60969975 60971896
51	60974114 60995257 60951558
77	61018381 61018431 61018468
81	60973004 60993706
90	60938841 60938853 60957163 60938839
140	60927851 61047441 61047396
154	61027647
178	60954559
268	60958772 60996943 60976784 61037354 60976598 60975459
343	60995220

12	60974756
Unimplemented

SP1 Possibly Timed Out
8	60980909 61008489
11	61046090 61046332 61041417 60938648 60977888 60966339 61024529
22	61018792 60965253 60976386 60977302 60998823 60981049
28	60976047 60976059
30	61014030 61020127
42	60948648
43	60991820
140	60979882
