SP2 Parser Failure
4	60224565 60224546
    19	60209001 60193073 60217283 60232224f 60182729f
29	60202177
35	60194390

Unidentified
2	60160710 60162511 60223651 60208923 60173184 60222144 60232964 60211945 60221135 60232196 60185078 60208919 60218969
4	60210517 60199358
6	60208701 60211281 60170522 60200652 60232512 60160263 60231273 60189525 60211315 60212685 60231605 60187398 60207748 60228008 60209629
8	60212630 60187072 60179913 60212923 60212674 60179955 60193355 60215736 60161748 60170488 60170498 60199849 60212709 60219319 60232299
9	60189171 60203572 60206192 60184313 60191078
10	60188132 60193744 60217974 60205487 60213627
11	60189641 60210971 60175858 60190909 60222859
12	60178944
15	60159890 60217083 60233043 60210006 60217269
16	60173611 60218345 60214006
17	60176444 60228234 60160245 60185995 60176478
19	60195612 60232283
20	60222041 60229091 60229781 60209852 60196703 60198824 60198834 60171265 60196286 60225697 60204089
22	60178991 60229291 60232161 60161873 60195603 60201063 60207233 60224954 60225724 60181535 60194385 60201546 60225156 60232176 60175927 60208088 60210988 60212788 60219428 60229298 60159809 60178439 60193889 60229379
23	60227421 60160935 60210147 60215837 60230949
24	60204033 60214675 60202397 60175078
25	60209141 60203803
27	60170934
28	60204860 60199711 60232912 60189263 60192453 60159934 60199514 60159335 60182436 60202846 60204686 60195607 60219507 60197688
29	60217100 60194171 60197083 60192035 60190947
30	60188130 60208222
31	60171743 60171695
32	60210790 60201914 60203118 60201879
35	60177280 60184230 60220520 60227930 60173901 60174681 60179921 60187811 60195541 60219281 60184212 60197592 60231112 60232442 60194723 60195543 60198803 60199733 60232883 60176014 60205164 60194775 60194855 60200205 60171276 60196416 60196426 60224426 60231976 60232826 60174217 60174697 60180567 60207647 60215917 60220137 60231157 60171528 60207898 60220438 60160909 60190299 60194829 60205989 60214509 60217579
41	60206074 60182296
42	60195732 60223234 60182155
43	60200841 60220571 60231785 60188496 60201466
45	60215010 60208944
46	60171572 60170623 60205693 60171517 60218967 60171558
50	60196471 60216802 60199275 60194987 60196277 60216747
51	60225332 60193684 60212645 60219565 60172928
52	60227859
57	60225825
72	60200035
175	60180945
267	60197171 60176686
268	60227051 60179772 60219285 60226995 60189686

Unimplemented

SP1 Possibly Timed Out
11	60206072 60183198
    19	60208580f 60160665f 60199505f 60203175f 60184036f 60199196f 60199486f 60189048f 60201459f
31	60211162 60223923 60177114 60176897 60194517
43	60198243
46	60205750
