SP2 Parser Failure
9	54467915
17	54519446
22	54480743
22	54500027
22	54504788
22	54529729
29	54530434
43	54484670
43	54484671
43	54484672
43	54517032
43	54517033
43	54477034
43	54517034
43	54517035
43	54477016
43	54477026
43	54484667
50	54384626
50	54524467
259	54534960
259	54534959

Unidentified
2	54480470
2	54487961
2	54498971
2	54531082
2	54557422
2	54432903
2	54483074
2	54432605
2	54544145
2	54553525
2	54557426
2	54530967
2	54557417
2	54530718
2	54531038
2	54552699
4	54550070
4	54457241
4	54550073
4	54462954
4	54430827
4	54550067
6	54432020
6	54453471
6	54471581
6	54500091
6	54441847
6	54535138
6	54441849
8	54540840
8	54527124
8	54473415
8	54510386
8	54523019
9	54529640
9	54449041
9	54451151
9	54549794
9	54456445
9	54431766
9	54498686
9	54547607
10	54528845
11	54520600
11	54525322
11	54442993
11	54510286
11	54466738
11	54471538
11	54531788
12	54484220
12	54507900
12	54449314
12	54482795
12	54502455
14	54537960
14	54538490
14	54538704
14	54491095
14	54539735
14	54491547
14	54538729
15	54545022
15	54514405
16	54535598
18	54432771
19	54544833
19	54542826
19	54545206
20	54542060
20	54493191
20	54508961
20	54510201
20	54479292
20	54467813
20	54493833
20	54550823
20	54491374
20	54519464
20	54525884
20	54491715
20	54550335
20	54512816
20	54547407
20	54431178
20	54465448
20	54466969
20	54517219
20	54557849
22	54551140
22	54497321
22	54516381
22	54512142
22	54508583
22	54544863
22	54549843
22	54556104
22	54490205
22	54512135
22	54526756
22	54544866
22	54556846
22	54469527
22	54522607
22	54535937
22	54549677
22	54492268
22	54484649
22	54499509
22	54544869
23	54483620
23	54537230
23	54430531
23	54484571
23	54507611
23	54477974
23	54537274
23	54537236
23	54431467
23	54537287
23	54550937
23	54466518
24	54469810
24	54480083
24	54469476
24	54479066
24	54509447
25	54514551
25	54514573
25	54514577
26	54457882
26	54540713
27	54480477
27	54522428
28	54472810
28	54483430
28	54515730
28	54433161
28	54500531
28	54432602
28	54507252
28	54535992
28	54462583
28	54474603
28	54499353
28	54532803
28	54539933
28	54484164
28	54517184
28	54549704
28	54484145
28	54484185
28	54484176
28	54504626
28	54506486
28	54484157
28	54517177
28	54546217
28	54432478
28	54499119
28	54533469
29	54550361
29	54505344
29	54511724
29	54521144
29	54433515
29	54455745
29	54548006
29	54433517
29	54455398
29	54488259
30	54555883
30	54431375
30	54511176
30	54465119
32	54535513
32	54475014
32	54475024
32	54475064
32	54535514
32	54535515
32	54535516
32	54475037
32	54475089
35	54449890
35	54452300
35	54467770
35	54484000
35	54484940
35	54502370
35	54530260
35	54530270
35	54533180
35	54536790
35	54462181
35	54466281
35	54476121
35	54484991
35	54502361
35	54508801
35	54511101
35	54512071
35	54530261
35	54533191
35	54538041
35	54462182
35	54492872
35	54494302
35	54529712
35	54467733
35	54467763
35	54496663
35	54550633
35	54454974
35	54467594
35	54478544
35	54507084
35	54519754
35	54525664
35	54533184
35	54547484
35	54554604
35	54458885
35	54478535
35	54484365
35	54497755
35	54506665
35	54514965
35	54530265
35	54558405
35	54430766
35	54466316
35	54478536
35	54485016
35	54495276
35	54508806
35	54530266
35	54530496
35	54547476
35	54550086
35	54478537
35	54483987
35	54485077
35	54508807
35	54511067
35	54511537
35	54519487
35	54530267
35	54558317
35	54558407
35	54478548
35	54479098
35	54508798
35	54508808
35	54536728
35	54547898
35	54478549
35	54479129
35	54484359
35	54502379
35	54508809
35	54534539
35	54555789
41	54445740
41	54445881
41	54496702
41	54445688
42	54520870
42	54451212
42	54520843
42	54520885
43	54465350
43	54444335
43	54548787
43	54549738
45	54457351
46	54523543
49	54531190
50	54457516
51	54521655
51	54475637
52	54444685
57	54513582
57	54511326
75	54542912
77	54486358
90	54545770
98	54468418
102	54380678
111	54480570
111	54480580
159	54520964
166	54520233
174	54522248
195	54463481
196	54488611
196	54530252
196	54452958
267	54497174
268	54496141
302	54552647

Unimplemented
46	54456394

SP1 Possibly Timed Out
2	54502079
6	54452758
8	54464277
8	54464279
15	54510274
19	54479310
19	54470732
19	54479412
19	54485542
19	54478334
19	54464805
19	54472445
19	54518715
19	54454796
19	54462426
19	54475096
19	54501639
19	54501739
20	54547804
20	54488028
22	54473407
30	54514427
51	54521711
