SP2 Parser Failure
    4	51377216
    9	51464984 51465080 51465100
    22	51455873 51467414
    35	51436110 51444967
43	51480337 51480338 51480339 51480340
    50	51443374
    117	51436599
    196	51418258
    248	51476278
    268	51454610f

Unidentified
    2	51377181 51390530 51390550 51411755 51417760 51417763 51417765 51427629 51430593 51432235 51433862 51462657 51462677 51462700 51466466 51474292 51474559 51491471 51494747 51499637
    4	51458332 51463127 51500713
    6	51414343 51419433 51422731 51422794 51470171
    8	51387448 51401075 51425319 51425348 51466766 51467628 51469288 51472241 51477628 51491185
    9	51376724 51399159 51403085 51403086 51403087 51411000 51416723 51417884 51418037 51443157 51464918 51470540
    10	51427307 51459884
    11	51401126 51436848 51442371 51446868 51471942
    14	51481127f 51481134f 51481141f 51481149f 51481168f 51481179f
    15	51388077 51486752
    17	51434596 51437178 51437506
    20	51411302 51417554 51444029 51444030 51446052 51449413 51451226 51453749 51462987 51471770 51472585 51476554 51494209 51496235 51496238
21	51390728 51390807 51404317
22	51378560 51378615 51390259 51401202 51407816 51410626 51423119 51426503 51429322 51439269 51440388 51446967 51451224 51453561 51453963 51454354 51456207 51457054 51458895 51463166 51471455 51472550 51476560 51489722 51489758 51495177 51495954 51496887 51501534
23	51448707 51450877 51471633
24	51395201 51401448 51403675 51418657 51418664 51418667 51447174 51450022 51474628
25	51415361 51424833 51431608 51450817 51494072
26	51419859
27	51397833 51461259 51498204
28	51409301 51409308 51411767 51433479 51434571 51448895 51466217 51482149 51482156 51499677
29	51448721
30	51481132
32	51387751 51405772 51448553 51448556 51448572 51448589 51448610 51448613 51448620 51448623 51448631 51448636 51448641 51448648 51480283
35	51377973 51387998 51397724 51397732 51399497 51402827 51404109 51407981 51408196 51422115 51423463 51425129 51425158 51426013 51434005 51434468 51436081 51437207 51438512 51445004 51446019 51452933 51452982 51454039 51454482 51460041 51469751 51471593 51472973 51476297 51489726 51489762 51492181 51492186 51497149 51501968
41	51451356
    43	51377211 51393095 51400498 51411051 51414075 51433908 51435042 51493247 51501111
44	51412173 51450560
45	51479023
50	51429779 51447962
51	51411898 51493940
52	51451218
57	51467406 51499007 51499303
75	51484421
77	51444096 51453812 51499142 51502095
83	51387702
124	51464170
140	51450026 51492033
156	51399924
166	51411090 51420273
173	51406156
192	51448015 51481426
196	51443285 51443287
222	51499327
244	51370927
248	51432083 51432085
254	51454997 51455008 51455051 51455068 51455079
268	51389936 51397335 51397712 51397752 51414458 51414460 51414461 51414465 51415065 51428925 51429269 51432273 51433490 51441439 51467895 51499912
302	51502104

Unimplemented
46	51467479

SP1 Possibly Timed Out
11	51423138
20	51438103 51438113
35	51387955 51387966
8	51425333
    21	51476092f 51476111f 51476129f 51476144f 51476209f
22	51410476
30	51500452
31	51491293
43	51389546
