SP2 Parser Failure
    4	55903762 55922416 55880928
    14	55880751 55889188f
    17	55854650 55831721 55846441 55914094 55831737 55859147 55835739
    22	55860981 55837945 55914926
    26	55923731
    28	55854807
    29	55923472 55867304
    32	55871166
    35	55845175 55858067 55887767f 55892047f
    140	55891499f
    157	55892651f 55892643f 55892665f
    268	55877941f 55879471f 55870195f

Unidentified
2	55882500 55825021 55826681 55826701 55864591 55891271 55933831 55801742 55893262 55826705 55887555 55932355 55882466 55932826 55799077 55862038 55887578 55937788 55826749 55903279
3	55823201 55819787
4	55941571 55940963 55813348
6	55861213 55881803 55916903 55877324 55938234 55837076 55877367
8	55888310 55900041 55915951 55942952 55878143 55817797 55876727 55818819 55911279
9	55798960 55897220 55829621 55935742 55894594 55814115 55897415 55891836 55824989 55895469 55895929
10	55874371
11	55866360 55881212 55812484 55846064 55812207 55846147 55874477 55896748 55818899 55881589
12	55811732 55829212 55868613 55862217
14	55861550 55909132 55909095 55889217 55909138 55889179
15	55834132 55941542 55830903 55864994 55906724 55830925 55830876 55831206 55930886
16	55855201 55854293 55841548
17	55837021 55861132 55881152 55841525 55852678
19	55944450
20	55924450 55819951 55872661 55890991 55899831 55911011 55869662 55940162 55899833 55832184 55873394 55874804 55854336 55940656 55869647 55881467 55861598 55877838 55890099 55899829 55911609
22	55821960 55831590 55842290 55875950 55896800 55858961 55870461 55923041 55930261 55875932 55876012 55877492 55877532 55913312 55922502 55924922 55932312 55867604 55875904 55875944 55882054 55930244 55938564 55853535 55863465 55868955 55906885 55920945 55849886 55877506 55932016 55837517 55841077 55891557 55833378 55862928 55875918 55875978 55914158 55943008 55875899 55900429 55923029 55929689
23	55897591 55942911 55882412 55897622 55822303 55897753 55897564 55897654 55832296 55938266 55853537 55897677 55897717 55897767 55897787 55927887 55897498 55897459 55943939
24	55851531 55832113 55851504 55851515 55835156 55851538 55851548 55851499 55894659
25	55802400 55856450 55813551 55866751 55843152 55914863 55938893 55843155 55870307 55914857
26	55916530 55936680 55938231 55924432 55844423 55844374 55908314 55908339
27	55913440 55933000 55945525
28	55856040 55867690 55800391 55802401 55855931 55939631 55810762 55825952 55812183 55828043 55872493 55909163 55920233 55811754 55830575 55853235 55872865 55889935 55914275 55943045 55802406 55855966 55941256 55800417 55915287 55933308 55940348 55825919 55893419
29	55813900
30	55879660 55895642
32	55862222 55830003 55838103 55874253 55838196 55838326 55819237 55843977 55837928 55837689 55874239
35	55849520 55887540 55891330 55923880 55820781 55826351 55854581 55863001 55866411 55890581 55914891 55924731 55820342 55821762 55824632 55839632 55853202 55878602 55892372 55902152 55929162 55934242 55800913 55824373 55830483 55836833 55836913 55837683 55864913 55901564 55914924 55920204 55944234 55912165 55854326 55885776 55887556 55913716 55933456 55821757 55830467 55852067 55856737 55866467 55875727 55937947 55856758 55872148 55895838 55902528 55902908 55943058 55824549 55838179 55854469 55874819 55890519 55914939
41	55941849
42	55812731 55903471 55891862 55864594 55885786
43	55838691 55845743 55860234 55877575 55940685 55880407 55945367 55831418
45	55865340 55819554 55822969
46	55875910 55897910 55823191 55823192 55902344 55852325 55910026 55851997 55852327
50	55876203 55813895 55799716
51	55896540 55801725 55861566
72	55935618
77	55917932 55917998
81	55882602 55885864 55937635 55932836
90	55934561
    140	55887401 55906181 55868672 55838363 55838354
159	55933561 55933573 55933555
179	55883443 55883444 55883436 55883437 55883447 55883439
180	55916813
224	55826096
    268	54810861 55912151 55863754 55870815 55891665 55799217 55874148
385	55908155 55907798

Unimplemented

SP1 Possibly Timed Out
    2	55860110
    11	55801803 55814134 55918026
    30	55915271 55811713 55800457 55800677
    35	55846105 55908633
    43	55898126 55898117 55900098
    46	55857310
    90	55934566
