SP2 Parser Failure
9	56580196
17	56560577
22	56585101
22	56524796
22	56568306
22	56575227
35	56590521
139	56588103
139	56588126
186	56540528
349	56518964
386	56610474

Unidentified
2	56617140
2	56579771
2	56622721
2	56507892
2	56594512
2	56496563
2	56554413
2	56565063
2	56615573
2	56533944
2	56604224
2	56531955
2	56610395
2	56610435
2	56575527
2	56597257
2	56572988
4	56610751
6	56601471
6	56571963
6	56511474
6	56571054
6	56571776
6	56619429
8	56509142
8	56596383
8	56497194
8	56542674
8	56540555
8	56593935
8	56628895
8	56556986
8	56586457
8	56497098
8	56542739
9	56506570
9	56614210
9	56538671
9	56626903
9	56602756
9	56497667
9	56497987
10	56599267
11	56535910
11	56586201
11	56517124
11	56582124
11	56601485
11	56601725
11	56614225
11	56556836
11	56561566
11	56622806
11	56622958
11	56512469
11	56565629
11	56622799
12	56529911
12	56564081
12	56619074
12	56530025
12	56529908
12	56514739
14	56555654
14	56575637
14	56576049
15	56605181
15	56580854
15	56520765
16	56558482
16	56554504
16	56582797
17	56536380
17	56583010
17	56535942
17	56529919
18	56599884
19	56561511
19	56633554
19	56623948
20	56524490
20	56524950
20	56590811
20	56497332
20	56534162
20	56550363
20	56553843
20	56571363
20	56580604
20	56626244
20	56626414
20	56627945
20	56524236
20	56550546
20	56496847
20	56564487
20	56590717
20	56626848
20	56566899
20	56630519
22	56583380
22	56632840
22	56516801
22	56561471
22	56610991
22	56545522
22	56547442
22	56508283
22	56520893
22	56531863
22	56568493
22	56628513
22	56366114
22	56545974
22	56552324
22	56578154
22	56497116
22	56605946
22	56631106
22	56513447
22	56545237
22	56600217
22	56535208
22	56531739
22	56572569
23	56498292
24	56575240
24	56558451
24	56558032
24	56365133
24	56575243
24	56582053
24	56496559
25	56554021
25	56541999
25	56629189
26	56608384
28	56498770
28	56609060
28	56553811
28	56509322
28	56530852
28	56574182
28	56627802
28	56618353
28	56509734
28	56619195
28	56630655
28	56594026
28	56632497
28	56520168
28	56569248
28	56528029
29	56631604
30	56567633
30	56589538
30	56589618
30	56530959
30	56589499
32	56572140
32	56572150
32	56578460
32	56572141
32	56578461
32	56600871
32	56600991
32	56572142
32	56578462
32	56572143
32	56578463
32	56565704
32	56572144
32	56578464
32	56600974
32	56578465
32	56620865
32	56572146
32	56578466
32	56582276
32	56572147
32	56578457
32	56578467
32	56620857
32	56572148
32	56578458
32	56578468
32	56572139
32	56572149
32	56578459
35	56496650
35	56519000
35	56527700
35	56568580
35	56568620
35	56573030
35	56579430
35	56628210
35	56516051
35	56527241
35	56527701
35	56565801
35	56586211
35	56618591
35	56621181
35	56628421
35	56506572
35	56555672
35	56572972
35	56583942
35	56588162
35	56413913
35	56506493
35	56581483
35	56583963
35	56589023
35	56630563
35	56633473
35	56517854
35	56575664
35	56593624
35	56624774
35	56551955
35	56559175
35	56570545
35	56575915
35	56591515
35	56617865
35	56618625
35	56627955
35	56507926
35	56509166
35	56551936
35	56560856
35	56565636
35	56566056
35	56613386
35	56627316
35	56632216
35	56634076
35	56508447
35	56551947
35	56556827
35	56559067
35	56579477
35	56631577
35	56517828
35	56527288
35	56527298
35	56527698
35	56566548
35	56604368
35	56608068
35	56608798
35	56517829
35	56518999
35	56526029
35	56527709
35	56551969
35	56551979
35	56564649
35	56565449
35	56569149
35	56573499
35	56575839
35	56611029
41	56581410
41	56614614
42	56577302
43	56532951
43	56604721
43	56633392
43	56528993
43	56632283
43	56497594
43	56552864
43	56580077
43	56632637
43	56633067
43	56604719
44	56533097
45	56570745
45	56570746
45	56580457
45	56633947
46	56573160
46	56592341
46	56604801
46	56598443
46	56632745
46	56513047
46	56547699
51	56577902
51	56629423
51	56629055
51	56577918
52	56536480
57	56498318
76	56526647
77	56582587
77	56629989
81	56586303
81	56626085
81	56627557
90	56578091
90	56578092
140	56551770
144	56549624
152	56553119
158	56606953
158	56577469
175	56523765
188	56618852
192	56534160
192	56607055
192	56534097
227	56590050
247	56598283
258	56579177
258	56579168
267	56604546
268	56342570
268	56606500
268	56574824
268	56566946
268	56565578
268	56620998
268	56595499
302	56603100
302	56588232
344	56550609
375	56402564
385	56568792
385	56568798

Unimplemented

SP1 Possibly Timed Out
6	56618331
8	56593202
11	56593720
11	56552272
11	56600822
11	56624682
11	56582903
11	56514915
11	56549756
11	56622289
20	56585439
20	56553609
22	56532029
30	56589623
30	56600399
31	56520314
32	56572145
35	56608187
46	56605298
140	56572785
