SP2 Parser Failure
4	56135177
9	56148985
11	56165703
22	56120446
35	56084326

Unidentified
2	56111090 56125860 56127060 56097241 56152971 56156481 56109003 56167073 56104214 56106984 56178894 56104205 56125905 56135596 56097227 56105567 56144347 56084258 56129718 56132498 56135018 56145418 56155318 56104789 56109019 56111029
4	56096790 56142931 56085494 56153234
6	56167400 56147753 56140825 56172525 56173065 56156476 56151017
8	56097350 56150490 56176440 56085572 56086782 56103552 56127425 56104336 56133496 56139706 56097387 56149547 56166588
9	56104270 56143390 56143151 56169082 56170879
10	56107788
11	56168580 56132803 56175544 56142529
12	56126281 56151661 56147472 56128174 56126445 56095856 56099356
14	56137092
    15	56115812f 56116752f 56132682f 56160563f 56132654f 56132664f 56116965f 56126118f 56132688f
16	56134750 56115081 56131812 56131805 56132475 56178356 56163278 56163029
19	56118740 56086441 56117797
20	56095450 56087071 56130011 56173071 56102412 56142022 56142004 56087095 56125285 56117976 56123186 56138916 56086937 56163237 56107408 56119309 56127869
22	56110870 56116620 56096501 56178321 56125422 56143382 56166132 56172892 56142823 56146673 56161373 56142864 56143794 56153664 56170754 56142906 56164476 56121817 56104498 56106379 56110869 56154389 56178039
23	56125642 56141495 56150775 56150815 56142416 56179276 56131728 56147308 56147538 56146629
24	56176650 56154872 56171904 56136535 56155546 56105538 56113419
25	56171683 56136264 56178734 56122717
26	56132795
27	56146718
28	56084640 56129620 56086802 56168892 56171902 56107443 56124653 56176273 56100504 56158194 56172277 56113219
29	56143999
30	56126312 56176602 56087256 56169758 56126089
31	56141067
32	56110970 56110971 56110972 56110973 56110974 56110975 56110976 56162396 56110967 56150527 56110968 56110969
35	56115590 56128320 56132290 56171640 56115441 56151641 56169991 56125492 56144632 56158862 56177832 56098803 56115823 56162563 56165063 56103294 56128334 56135664 56149984 56170874 56171674 56172794 56178554 56096675 56108005 56125515 56167905 56176565 56128306 56128986 56164676 56170846 56098957 56109457 56109947 56123747 56140647 56159197 56160287 56176987 56134358 56142888 56160708 56177628 56107179 56128209 56132329 56162619 56171779 56177829 56178529
41	56085313 56104778 56127979
42	56167181 56140034
43	56102474 56178574 56166817 56178408 56167329 56178579
44	56178323 56178306 56121387 56178537
45	56168564
46	56161640 56117221 56117232 56117213 56174195 56129097
51	56116300 56135992 56136032 56139262 56135974 56134757
52	56111010 56111011 56111012 56111014 56111016 56111017 56111008 56111009
75	56125764
76	56132188
77	56155450
81	56171120
90	56123814 56123826 56123497 56123649 56150339
140	56178278
151	56147872 56147873 56137254 56147874 56137255 56147875
156	56112214
157	56135717
173	56174787
195	56151632
196	56143453
244	56148741 56148734 56148735 56148736 56148737
268	56103505 56165836
344	56161706
387	56149323
56114427 Image Statement Password	matches	Unidentified	SP1 failed with message Binary file 56114427/out matches

Unimplemented

SP1 Possibly Timed Out
8	56172422
11	56100231 56123452 56086823 56098998
20	56104105 56104565
28	56146767
30	56150323
45	56164393
90	56121394
