SP2 Parser Failure
4	61222182 61255135
11	61222230 61148612 61015009
15	61148760 61202740 61202741 61148757 61148759
17	61136211 61231996
19	61166901
25	61269249
28	61149347
30	61263111 61185795 61261085 61186776 61164838
35	61149667
41	61250604 61250729
45	61237726
46	61207901 61110676
50	61154626 61157306 61261547
83	61158228
92	61179429

Unidentified
2	61189470 61193350 61199180 61218440 61117161 61125521 61219152 61250402 61145603 61167413 61167443 61200663 61273703 61125584 61186774 61193344 61218684 61260194 61128675 61190145 61193345 61200725 61200775 61219355 61230775 61193346 61193347 61214287 61193348 61248748 61157259 61192919 61193349 61257389 61261209 61265739
4	61251650 61115594 61133514 61255126 61148978
6	61230350 61165461 61221391 61146074
8	61237760 61177902 61216372 61258463 61174864 61180984 61238575 61248885 61230316 61165847 61193617 61243847 61182658 61204778 61221498 61233158 61244948
9	61134280 61162920 61224530 61239731 61255131 61255132 61144344 61117037 61207827 61273047 61133419
10	61235371 61166562 61250582 61184403 61210124 61197435 61197396 61208536 61250599
11	61246230 61270175 61153866 61191136 61154977
12	61128363 61210946 61162227 61167067 61147729
14	61232759
15	61221080 61223632 61260654
16	61229429 61268899
17	61202530 61149024 61201344 61226964 61238544 61260474
19	61183048
20	61205480 61208650 60968461 61117031 61182471 61205521 61228231 61133092 61175372 61223963 61224423 61252153 61166754 61199454 61228225 61250896 61243147 61223768 61234578 61132449 61190749 61242779
21	61238759
22	61158910 61211940 61254720 61165191 61218241 61189972 61264292 61275592 61275682 61133313 61258103 61264273 61275623 61174614 61197524 61210164 61218254 61231704 61248734 61267984 60926115 61261635 61277575 61144666 61191356 61195306 61197536 61211956 61221186 61275606 61144657 61148737 61150487 61162787 61167257 61180637 61275567 61174628 61181798 61250758 61261579 61268849 61276259
23	61139761 61193821 61272941 61155252 61238532 61155213 61155223 61155233 61155253 61193593 61147764 61155244 61134685 61155235 61155255 61167775 61147726 61155216 61155226 61155237 61155257 61155228 61155238 61202948 61155259
24	61159880 61161131 61150133
25	61134136
26	61160960 61203210 61203260 61203281 61219041 61203292 61233762 61228623 61244703 61203194 61261474 61203255 61233775 61261465 61203336 61203356 61266706 61203317 61203367 61203288 61233748 61195589
27	61142129
28	61165920 61211270 61223390 61147471 61190761 61223871 61268152 61182083 61196523 61206023 61211243 61211253 61265933 61165704 61155365 61215595 61222895 61132046 61180766 61155488 61213768 61214028 61213589
29	61133770 61133765
30	61271240 61242533 61226537 61208099
31	61162394 61159178
32	61136240 61136241 61159631 61211121 61136232 61159522 61136233 61136236 60868117 61136237 61136238 61136239
35	61137640 61159870 61175930 61187650 61193910 61194450 61200500 61219260 61238760 61135561 61147351 61191061 61205081 61249871 61132492 61155382 61245102 61193903 61194633 61277443 61151544 61159844 61166574 61193904 61199014 61201804 61214614 61217814 61218974 61222744 61246074 61193905 61237065 61258275 61270365 61185176 61193906 61226836 61226926 61237406 61146677 61154497 61165327 61183797 61193907 61194437 61216187 61242087 61276007 61149528 61151838 61161548 61174178 61191348 61193908 61159859 61193909 61212149
41	61189091 61245265 61244758
42	61253793 61168816
43	61144963 61227383
44	61197481 61136903 61000347 61192379
45	61212762 61248793 61248813 61222034 61189155 61248805 61169368
46	61190563 61205243 61150324 61163614 61243096 61185487 61185507 61243097 61185498
50	61115670
51	61135661 61238963
72	61275322 61176816 61176827
90	61231952 61117318
118	61163295 61163315
140	61163974
156	61145943
157	61140411 61256186 61140409
159	61218856
162	61193518 61193519
174	61136183
178	61161616 61266208
183	61197807
188	61211719
192	61271205
196	61212003 61212396 61250629
226	61154961
268	61117700 61275770 61241562 61133623 61236625 61236568 61223149
393	61155263

Unimplemented

SP1 Possibly Timed Out
4	61198313
8	61176866 61159797 61183298
11	61203765 61228851
21	61193445
22	61264620
23	61202865 61175029
30	61143131 61183032 61244332 61160104 61230236
35	61148460
43	61244079
