SP2 Parser Failure
    9	54467915
    17	54519446
    22	54480743 54500027 54504788 54529729f
    29	54530434F
    43	54484670f 54484671f 54484672f 54517032f 54517033f 54477034f 54517034f 54517035f 54477016f 54477026f 54484667f
    50	54384626f 54524467f
    259	54534960f 54534959f

Unidentified
    2	54480470 54487961 54498971 54531082 54557422 54432903 54483074 54432605 54544145 54553525 54557426 54530967 54557417 54530718 54531038 54552699
4	54550070 54457241 54550073 54462954 54430827 54550067
6	54432020 54453471 54471581 54500091 54441847 54535138 54441849
8	54540840 54527124 54473415 54510386 54523019
9	54529640 54449041 54451151 54549794 54456445 54431766 54498686 54547607
10	54528845
11	54520600 54525322 54442993 54510286 54466738 54471538 54531788
12	54484220 54507900 54449314 54482795 54502455
    14	54537960 54538490 54538704 54491095 54539735 54491547 54538729
15	54545022 54514405
16	54535598
18	54432771
19	54544833 54542826 54545206
20	54542060 54493191 54508961 54510201 54479292 54467813 54493833 54550823 54491374 54519464 54525884 54491715 54550335 54512816 54547407 54431178 54465448 54466969 54517219 54557849
22	54551140 54497321 54516381 54512142 54508583 54544863 54549843 54556104 54490205 54512135 54526756 54544866 54556846 54469527 54522607 54535937 54549677 54492268 54484649 54499509 54544869
23	54483620 54537230 54430531 54484571 54507611 54477974 54537274 54537236 54431467 54537287 54550937 54466518
24	54469810 54480083 54469476 54479066 54509447
25	54514551 54514573 54514577
26	54457882 54540713
27	54480477 54522428
28	54472810 54483430 54515730 54433161 54500531 54432602 54507252 54535992 54462583 54474603 54499353 54532803 54539933 54484164 54517184 54549704 54484145 54484185 54484176 54504626 54506486 54484157 54517177 54546217 54432478 54499119 54533469
29	54550361 54505344 54511724 54521144 54433515 54455745 54548006 54433517 54455398 54488259
30	54555883 54431375 54511176 54465119
32	54535513 54475014 54475024 54475064 54535514 54535515 54535516 54475037 54475089
35	54449890 54452300 54467770 54484000 54484940 54502370 54530260 54530270 54533180 54536790 54462181 54466281 54476121 54484991 54502361 54508801 54511101 54512071 54530261 54533191 54538041 54462182 54492872 54494302 54529712 54467733 54467763 54496663 54550633 54454974 54467594 54478544 54507084 54519754 54525664 54533184 54547484 54554604 54458885 54478535 54484365 54497755 54506665 54514965 54530265 54558405 54430766 54466316 54478536 54485016 54495276 54508806 54530266 54530496 54547476 54550086 54478537 54483987 54485077 54508807 54511067 54511537 54519487 54530267 54558317 54558407 54478548 54479098 54508798 54508808 54536728 54547898 54478549 54479129 54484359 54502379 54508809 54534539 54555789
41	54445740 54445881 54496702 54445688
42	54520870 54451212 54520843 54520885
    43	54465350 54444335 54548787 54549738
45	54457351
46	54523543
49	54531190
50	54457516
51	54521655 54475637
52	54444685
57	54513582 54511326
75	54542912
77	54486358
90	54545770
98	54468418
102	54380678
111	54480570 54480580
159	54520964
166	54520233
174	54522248
195	54463481
    196	54488611 54530252 54452958
267	54497174
268	54496141
302	54552647

Unimplemented
    46	54456394

SP1 Possibly Timed Out
    2	54502079
    6	54452758
    8	54464277 54464279
    15	54510274
    19	54479310f 54470732f 54479412f 54485542f 54478334f 54464805f 54472445f 54518715f 54454796f 54462426f 54475096f 54501639f 54501739f
    20	54547804 54488028
    22	54473407
    30	54514427
    51	54521711
