SP2 Parser Failure
4	59365440
11	59469712 59451914 59466906
22	59398250 59512629
35	59505235
45	59431074
50	59445187
247	59433737

Unidentified
2	59401790 59474990 59373651 59423641 59469691 59488222 59488422 59494632 59478843 59478814 59507834 59365805 59419925 59420145 59423695 59427545 59492765 59427466 59503417 59377168 59373449
4	59468532 59434898
6	59449540 59423171 59504242 59504362 59453623 59507173 59468694 59433396 59478156 59478127 59479707
8	59463920 59503001 59463432 59502942 59388443 59398966 59463996 59422578 59464399 59506749
    9	59455190 59493150 59477391 59480251 59493171 59429922 59433052 59384004 59424604 59441514 59452295 59493155 59444446 59501106 59432607 59493167 59510067 59373999 59453139
10	59363091 59507153 59441367
11	59395200 59495133 59435085 59471706 59463417 59395428 59503338 59475549
12	59433810 59464340 59464560 59464590 59433811 59457261 59464391 59464491 59433812 59464292 59367663 59433813 59450783 59464473 59429164 59464355 59464316 59394037 59450747 59369878 59433808 59464508 59388629 59433809 59464429 59464449
14	59202660 59473951 59478352 59376759
15	59383410 59303891 59364981 59505632 59364664 59499447 59505598
16	59423050 59498460 59498540 59512531 59476082 59446823 59475283 59510175 59169506 59428826 59458216 59458457 59512538 59383089
17	59422188
18	59397022 59461803
19	59456680 59448961 59429192 59498313 59390244 59492706 59488617 59429298
20	59457310 59401521 59455971 59479071 59509121 59401522 59453272 59392613 59399343 59457133 59498943 59399354 59457085 59457195 59467565 59510425 59456786 59399258 59422948 59309239
22	59377130 59392280 59394050 59422780 59426840 59471700 59392961 59474082 59483482 59460993 59474333 59495353 59428834 59443874 59474074 59398505 59424565 59475345 59469466 59473756 59483496 59483497 59492937 59498797 59392288 59421278 59439988 59460908 59461018 59501068 59391559 59418649 59426349 59499699
23	59442261 59439712 59464262 59373473 59419158
24	59458191 59463191 59508821 59364352 59497672 59458363 59420746 59364458 59463018 59473389 59497669 59497679
25	59432883 59429169
26	59393186
28	59383300 59448070 59389121 59432901 59440231 59496081 59364612 59467102 59364593 59440755 59374226 59377286 59443986 59465336 59438277 59447807 59473227 59484187 59489477 59387968 59439418 59501788 59502489
29	59427763
30	59513300 59425953 59439413 59396074 59438686 59493517 59510248
31	59387814
32	59507570 59394381 59394413 59394394 59466844 59507954 59481435 59394367
35	59364530 59375060 59375070 59401890 59364551 59389391 59401891 59420731 59426981 59443141 59459091 59459331 59475211 59488001 59488051 59488061 59488351 59501901 59375002 59375062 59378402 59389342 59422772 59422882 59431762 59455352 59475742 59504572 59510822 59413813 59473093 59497423 59443504 59486424 59488044 59444575 59452105 59456625 59495025 59508105 59508145 59511325 59512095 59386986 59431006 59441516 59488036 59374077 59389447 59423417 59431207 59466137 59400328 59440348 59510678 59386929 59429839 59431569 59445539 59475329 59488029 59502739 59508199
41	59373631 59471441 59503914 59383408
42	59437051 59500721 59382483 59505414 59430745 59437005 59489276 59436958 59436978 59458508
43	59392131 59462001 59482891 59427883 59457043 59483353 59395865 59481607 59435288 59446078
44	59389565
45	59402292
46	59444450 59374242 59389164 59467364 59386135 59479499
50	59500817
51	59494580 59494730 59456181 59423505
    72	59446532f 59434534f 59496574f 59452115f 59431477 59452087f 59497887f 59377938f 59444908f 59464048f 59385619f 59445859f
75	59418836
77	59393843 59472095 59455457
81	59435213
83	59493111 59493102 59493123 59493116
90	59446041 59446043 59446065 59446117 59396119
96	59089039
108	59110974
115	59402240
140	59448265
156	59393202
161	59505673
165	59441624
180	59449467
189	59362528
191	59425106
192	59419800 59443310
193	59452524 59452548
267	59496238
    268	59378070 59424861 59511522 59422414 59424964f 59485067 59507747 59511437
302	59365624 59365579
    324	59478754f
    376	59392153F
    387	59458779j

Unimplemented

SP1 Possibly Timed Out
2	59464989
8	59473156
9	59458024
11	59484583 59382685
    19	59432612f 59488632f 59449063f 59461463F 59446564f 59448994f 59449104f 59449015f 59465745f 59448916f 59489216f 59495616f 59489217f 59489218f 59429309f
21	59429730
22	59398248 59384913
    30	59462320 59453341 59456441 59392212 59458855 59453267 59419398 59463899
31	59499904 59387559
42	59491367
43	59429304
44	59502037 59503059
45	59469272
