

Unimplemented

SP1 Possibly Timed Out
17	1138083		
228	1136888		
228	1136890		
228	1136892		
228	1136894		
228	1136896		
228	1136898		
230	1136965		
230	1136967		
230	1136969		
230	1136971		
230	1136973		
230	1136975		
230	1136978		

Unidentified
2	1137697		
3	1136788		
20	1136725		
161	1136710		
229	1136833		
229	1136835		
229	1136837		
229	1136839		
229	1136841		
229	1136845		
231	1136855		
231	1136857		
231	1136859		
231	1136861		
231	1136863		
231	1136865		
231	1136874		
231	1136876		
231	1136878		
231	1136880		
231	1136882		
231	1136884		
232	1136996		
232	1136999		
232	1137003		
232	1137005		
232	1137007		
232	1137009		
232	1137011		
232	1137013		
233	1136812		
233	1136814		
233	1136816		
233	1136818		
233	1136820		
233	1136822		
242	1137016		
348	1136932		
348	1136934		
348	1136936		
348	1136946		
348	1136948		
348	1136950		
348	1136952		
348	1136956		
348	1136958		
348	1136960		
359	1121415		
998	1137059		
998	1137453		
998	1137468		
